[1] "### Stat 244, Assignment 1 ###"
[1] ""
[1] "*********Q1:Find the eigenvalues and eigenvectors of a real symmetric matrix******"
[1] ""
[1] "Original Data Matrix"
     [,1] [,2] [,3] [,4] [,5]
[1,]   14    7   15    1    6
[2,]    7   10   11    2    7
[3,]   15   11   16    4   13
[4,]    1    2    4    8    5
[5,]    6    7   13    5    9
[1] "display results"
$Rvec
        [,1]         [,2]         [,3]          [,4]          [,5]
[1,] 44.2908 2.409097e-15 5.527263e-16 -2.021387e-15  3.091331e-16
[2,]  0.0000 9.504346e+00 1.120198e-15 -9.949080e-16  4.506486e-16
[3,]  0.0000 0.000000e+00 4.561378e+00  8.382462e-10  1.968911e-16
[4,]  0.0000 0.000000e+00 0.000000e+00 -3.253732e+00 -2.141245e-15
[5,]  0.0000 0.000000e+00 0.000000e+00  0.000000e+00  1.897207e+00

$Qvec
           [,1]         [,2]        [,3]        [,4]       [,5]
[1,] -0.4925072  0.513028483  0.50773624  0.41081981 -0.2601334
[2,] -0.3977437 -0.009592242 -0.74376870  0.12335036 -0.5227817
[3,] -0.6308812  0.050872969  0.05161653 -0.73690585  0.2317462
[4,] -0.1626264 -0.771970815  0.41204634 -0.02829682 -0.4550064
[5,] -0.4180647 -0.371729426 -0.12870733  0.52170953  0.6311044

[1] ""
[1] "verify results by showing that QRQ' equals our original matrix."
     [,1] [,2] [,3] [,4] [,5]
[1,]   14    7   15    1    6
[2,]    7   10   11    2    7
[3,]   15   11   16    4   13
[4,]    1    2    4    8    5
[5,]    6    7   13    5    9
[1] ""
[1] "*******Q2:Cluster analysis**********"
[1] ""
[1] "this is the scaled matrix without the first column"
             [,1]        [,2]        [,3]        [,4]       [,5]         [,6]        [,7]
 [1,]  1.37486233 -0.27521745 -0.87456350 -0.58319087 -0.8644072 -0.376787139 -1.29349986
 [2,] -1.13044236 -1.22888998 -0.77279611 -1.25815289 -1.2905667 -1.278973717  1.75587841
 [3,]  0.37681412 -0.28351026  0.61378457  0.54174583 -1.8609648 -1.508343187 -0.29250830
 [4,]  1.70075563  0.50430618 -0.37844748  1.14565922  0.9582442 -0.392078436 -0.57755887
 [5,] -0.58049743  1.10968091 -0.44841256 -0.06216755  0.5189721  1.393180599  0.60241793
 [6,]  0.66197075  0.62869825  1.48516784  0.28123418  0.6238729  0.685958069  0.65545060
 [7,] -1.47670399 -1.60206619 -1.11626105 -1.10421419 -1.1758315 -1.068718371 -1.46585602
 [8,] -1.25265235 -1.27864681 -1.28163306 -1.99232211  0.2665546  0.376309285 -0.34554096
 [9,]  1.43596732 -0.12594697  0.28940101 -0.12137475  0.4370184 -0.827880428  0.05220403
[10,]  0.21386747  1.25065859  0.07314531  0.35228281  0.3878461 -0.185645914  0.50298169
[11,] -0.01018417  1.96383979  0.27031963  1.87982844  1.7253314  1.461991440  1.14600276
[12,]  0.11202582  0.96041043  0.14311039  1.02724483 -1.0479836  0.124002869  0.57590160
[13,] -0.07128916 -0.72302890  1.77138862  0.83778181  0.9779131  1.484928387  1.05319559
[14,] -0.96749572 -0.42448793 -0.55017995 -0.61871519  0.5058595  1.060594869 -1.33327436
[15,] -0.94712738 -0.43278074 -1.00813320 -0.57134943 -0.5562611 -0.946387987 -1.36641977
[16,]  0.56012910 -0.04301892  1.78410954  0.24570986  0.3944024 -0.002150339  0.33062552
attr(,"scaled:center")
[1]   97.5000  281.1875  243.5000  196.2500 1375.6875 1003.5625  689.1250
attr(,"scaled:scale")
[1]  49.09582 120.58647 157.22129  84.44920 305.05010 261.58669 150.85042
[1] ""
[1] "Total within cluster sum of squares for cluster counts 1 - 16"
 [1] 105.000000  64.256865  50.046103  41.345806  36.187897  28.429003  24.630572
 [8]  17.584611  15.896146  13.438720   8.793258   6.775231   5.231409   2.958859
[15]   2.366926   0.000000
[1] ""
[1] "Pam versus kmeans cluster groupsing"
[1] "For 15 clusters"
 [1]  1  2  3  4  5  6  7  8  9 10 11 12 13 14 15  6
 [1]  2  5  9 13 12  4 11  6 10 14  1 14 15  3  7  8
[1] "For 3 clusters"
 [1] 1 1 1 2 2 3 1 1 2 2 2 2 3 1 1 3
 [1] 3 2 3 3 1 1 2 2 3 1 1 1 1 2 2 1
[1] "For 5 clusters"
 [1] 1 2 3 4 4 5 1 1 4 4 4 4 5 1 1 5
 [1] 5 1 5 5 3 3 4 2 5 3 3 3 3 2 4 3
