55 0 0 1 1 1 1 0 1
58 0 1 1 1 2 0 0 0
62 0 0 1 0 0 0 1 0
63 1 0 1 0 0 0 0 1
65 0 0 1 2 1 0 1 1
65 0 1 1 1 1 0 0 0
68 0 1 1 1 2 0 0 1
69 0 1 1 0 0 0 0 0
71 0 0 0 1 1 0 0 1
71 0 0 0 2 1 1 0 1
71 0 1 0 0 1 0 0 0
71 0 1 1 0 2 0 1 0
71 0 1 1 1 0 0 0 1
72 0 0 0 0 1 1 1 0
72 1 1 0 1 2 0 1 0
73 0 0 0 1 2 0 1 0
75 0 0 1 0 0 0 0 1
75 0 1 0 0 0 1 0 0
75 0 1 0 1 0 0 1 0
75 0 1 1 1 1 0 1 0
75 0 1 1 1 1 1 0 1
77 0 1 1 2 1 1 0 0
77 1 1 1 1 0 0 0 1
78 1 0 1 1 1 0 0 0
78 1 0 1 1 2 0 1 0
78 1 1 1 1 0 0 0 0
79 0 0 0 0 0 1 0 0
80 1 0 0 0 1 0 0 1
80 1 1 0 0 0 0 0 0
81 0 0 1 0 2 0 0 1
81 0 1 0 1 2 0 0 0
81 0 1 1 1 2 0 0 0
82 0 1 0 1 0 0 0 0
82 0 1 0 1 2 0 0 0
83 0 1 1 1 0 0 1 0
84 0 0 0 0 0 0 1 0
84 0 0 0 1 2 0 1 0
84 0 1 0 1 2 0 0 0
84 1 0 0 1 1 1 0 1
84 1 1 0 1 0 0 1 0
85 0 0 0 2 2 0 1 0
85 0 0 1 2 1 0 1 0
85 0 0 1 2 1 1 0 0
85 0 0 1 2 2 0 0 1
85 0 1 0 0 0 0 1 0
85 0 1 0 0 0 0 1 1
85 1 1 0 1 1 0 0 1
86 0 1 0 1 2 1 0 0
86 0 1 1 1 0 0 0 0
86 0 1 1 1 0 0 1 0
86 1 1 0 1 1 0 1 0
87 0 0 1 0 1 0 0 0
87 0 1 0 0 1 0 0 1
87 0 1 0 1 0 0 0 1
87 0 1 0 1 0 0 1 0
87 0 1 1 0 0 0 0 0
87 0 1 1 1 1 1 0 0
87 1 1 1 1 1 0 1 0
88 0 0 0 1 1 0 1 1
88 0 1 0 1 0 0 1 0
88 0 1 0 1 0 0 1 0
88 0 1 0 1 1 0 1 0
88 1 1 1 0 0 0 0 1
89 0 0 0 1 2 0 0 0
89 1 0 1 1 1 0 1 0
90 0 0 0 1 2 0 0 0
90 0 1 0 0 0 0 0 0
90 0 1 0 1 0 0 0 1
90 0 1 0 2 1 0 1 1
90 1 0 0 2 1 0 1 1
91 0 0 1 1 2 0 1 0
91 0 1 0 0 0 0 1 1
91 0 1 0 0 0 1 1 0
91 0 1 0 0 1 0 0 1
91 0 1 0 0 2 0 0 0
91 0 1 1 2 1 0 0 1
91 0 1 1 2 1 0 1 1
91 1 0 0 0 1 0 1 0
91 1 0 0 0 1 0 1 0
91 1 1 0 0 0 0 0 0
92 0 0 0 2 1 0 0 1
92 0 1 0 0 0 0 0 1
92 0 1 1 1 1 0 0 0
92 0 1 1 1 1 0 1 1
93 0 0 0 0 2 0 1 0
93 0 0 0 1 1 0 1 0
93 0 0 1 1 1 0 1 1
93 0 0 1 1 1 1 0 0
93 0 1 0 1 0 0 1 1
93 0 1 0 1 1 0 0 0
93 0 1 0 1 1 0 0 1
93 0 1 0 1 1 0 1 0
93 0 1 1 0 0 0 1 1
93 0 1 1 1 1 0 0 0
94 0 1 0 0 0 0 1 0
94 0 1 0 0 1 0 0 0
94 0 1 0 0 1 1 0 0
94 0 1 0 1 0 0 1 0
94 1 0 0 1 1 0 0 0
95 0 0 0 0 0 0 0 1
95 0 1 0 1 1 0 1 0
95 0 1 0 1 1 1 1 1
95 0 1 0 1 2 0 1 1
96 0 0 0 1 1 0 0 1
96 0 0 0 1 1 0 1 1
96 0 1 0 0 1 0 1 0
96 0 1 0 1 0 0 0 0
96 0 1 0 1 1 0 1 1
96 0 1 0 1 1 1 1 0
96 0 1 0 2 1 0 1 1
96 0 1 1 1 1 0 0 1
96 1 1 0 0 1 0 1 0
96 1 1 0 0 1 0 1 0
96 1 1 0 1 1 0 1 1
96 1 1 0 2 1 0 0 1
97 0 0 0 0 0 0 0 0
97 0 0 0 0 0 0 0 0
97 0 0 1 1 2 1 0 1
97 0 1 0 0 0 0 1 0
97 0 1 0 0 0 0 1 1
97 0 1 0 0 0 1 0 0
97 0 1 0 1 1 0 1 0
97 0 1 0 2 2 0 0 1
97 1 0 0 1 0 0 1 1
97 1 0 1 1 0 0 0 1
97 1 1 0 1 0 0 0 1
97 1 1 0 1 1 0 1 0
97 1 1 1 1 0 0 1 1
98 0 0 0 1 0 0 1 1
98 0 0 0 2 1 0 1 1
98 0 0 0 2 1 0 1 1
98 0 1 0 0 0 0 0 0
98 0 1 0 1 0 0 1 1
98 0 1 0 1 0 0 1 1
98 0 1 0 1 0 0 1 1
98 0 1 0 1 1 1 1 0
98 0 1 1 1 1 0 1 0
98 1 0 0 0 1 0 1 1
98 1 0 0 1 1 1 1 0
98 1 1 0 1 0 0 1 1
98 1 1 0 1 1 0 1 1
99 0 0 0 0 0 0 1 0
99 0 0 0 2 2 0 0 1
99 0 0 0 2 2 1 0 1
99 0 0 1 0 0 1 0 0
99 0 0 1 1 1 0 0 0
99 0 1 0 0 0 0 0 0
99 0 1 0 0 0 1 0 1
99 0 1 0 0 1 0 0 0
99 0 1 0 1 0 0 0 1
99 0 1 0 1 1 0 0 0
99 0 1 0 1 1 0 1 1
99 0 1 0 2 1 0 0 1
99 1 0 0 0 0 0 0 1
99 1 0 1 1 0 0 1 0
99 1 1 0 0 0 0 1 1
99 1 1 1 0 0 0 1 1
100 0 0 0 0 0 0 0 1
100 0 0 0 0 0 0 1 0
100 0 0 0 1 0 0 0 0
100 0 0 1 0 2 0 1 1
100 0 0 1 2 0 0 0 1
100 0 1 0 0 0 0 1 0
100 0 1 0 0 0 0 1 0
100 0 1 0 0 0 1 0 0
100 0 1 0 1 0 0 0 1
100 0 1 0 1 1 0 1 1
100 0 1 0 1 2 0 0 1
100 0 1 0 2 1 0 0 1
100 0 1 1 1 2 1 1 1
100 1 0 0 1 1 0 1 0
100 1 1 0 0 0 0 1 0
100 1 1 0 1 1 0 0 0
100 1 1 0 2 1 0 0 0
101 0 0 0 0 0 0 0 1
101 0 0 0 0 0 1 1 0
101 0 0 0 1 1 0 0 1
101 0 1 0 0 0 0 0 0
101 0 1 0 0 0 0 1 1
101 0 1 0 0 2 0 1 1
101 0 1 0 1 1 0 0 1
101 0 1 0 1 2 0 0 0
101 0 1 0 2 0 0 1 0
101 0 1 1 1 1 0 0 0
101 1 0 0 0 0 0 1 0
101 1 0 0 0 1 0 0 1
101 1 1 0 1 1 0 0 1
101 1 1 0 1 1 0 1 1
102 0 0 0 0 0 0 1 1
102 0 0 0 0 1 1 0 0
102 0 0 0 1 1 0 1 1
102 0 0 0 1 2 0 1 0
102 0 0 0 1 2 1 1 0
102 0 0 0 2 1 1 0 0
102 0 0 1 1 1 0 1 0
102 0 1 0 1 1 0 0 1
102 0 1 0 1 1 0 1 0
102 0 1 0 2 1 0 1 0
102 1 0 0 1 1 0 1 0
102 1 0 0 1 1 0 1 1
102 1 0 1 1 1 0 0 1
102 1 1 0 0 0 0 0 0
102 1 1 0 0 0 0 1 1
102 1 1 0 1 1 0 1 1
102 1 1 0 1 1 0 1 1
102 1 1 0 2 1 0 0 0
102 1 1 1 2 1 0 0 0
103 0 0 0 1 1 0 1 1
103 0 0 1 0 1 1 0 1
103 0 0 1 1 1 0 1 0
103 0 1 0 0 0 0 0 0
103 0 1 0 0 0 0 0 0
103 0 1 0 1 0 0 0 0
103 0 1 0 1 1 0 0 0
103 0 1 0 1 2 0 0 0
103 0 1 0 1 2 0 0 1
103 0 1 0 1 2 1 1 0
103 1 0 0 0 1 0 0 0
103 1 0 0 1 0 0 1 0
103 1 1 0 0 0 0 0 0
103 1 1 0 0 1 0 0 1
103 1 1 0 1 0 0 1 0
103 1 1 0 1 2 0 0 1
103 1 1 0 1 2 0 0 1
103 1 1 0 1 2 0 1 0
104 0 0 0 0 0 0 0 1
104 0 0 0 0 1 0 1 0
104 0 0 0 1 1 0 0 1
104 0 0 0 1 2 0 0 0
104 0 0 0 1 2 0 0 0
104 0 0 0 1 2 0 1 0
104 0 1 0 0 0 0 1 0
104 0 1 0 0 0 0 1 1
104 0 1 0 1 0 1 0 1
104 0 1 0 1 0 1 1 0
104 0 1 0 1 1 1 0 0
104 0 1 0 1 2 0 0 1
104 1 0 0 0 0 0 0 1
104 1 1 0 0 0 0 0 0
104 1 1 0 0 0 0 1 0
104 1 1 0 0 1 0 1 0
104 1 1 0 1 0 0 1 0
104 1 1 0 2 2 0 1 1
105 0 0 0 0 0 0 0 0
105 0 0 0 0 1 1 0 1
105 0 0 0 1 1 0 0 1
105 0 0 0 1 1 1 0 0
105 0 0 0 1 2 0 0 0
105 0 0 0 2 1 0 1 0
105 0 0 1 0 1 0 0 0
105 0 0 1 1 1 0 0 0
105 0 0 1 1 2 0 0 1
105 0 1 0 0 0 0 0 0
105 0 1 0 0 0 0 0 1
105 0 1 0 0 0 0 1 1
105 0 1 0 0 0 1 1 1
105 0 1 0 1 0 0 0 0
105 0 1 0 1 0 0 1 1
105 0 1 0 1 1 0 0 1
105 1 0 0 0 0 0 0 1
105 1 0 0 0 1 0 0 1
105 1 0 0 1 0 0 0 0
105 1 0 0 1 1 0 0 0
105 1 0 0 1 2 0 0 0
105 1 1 0 1 0 0 1 1
105 1 1 0 1 1 0 0 0
106 0 0 0 0 1 0 1 1
106 0 0 0 1 0 1 0 0
106 0 0 0 1 1 0 0 0
106 0 0 0 1 1 0 1 1
106 0 1 0 0 1 0 1 1
106 0 1 0 1 0 0 0 0
106 0 1 0 1 1 0 0 0
106 0 1 0 1 2 0 0 1
106 0 1 0 2 1 0 0 0
106 1 0 0 1 2 0 1 0
106 1 1 0 0 0 0 0 1
106 1 1 0 0 1 0 0 0
107 0 0 0 0 0 0 0 1
107 0 0 0 0 1 0 1 0
107 0 0 0 0 1 0 1 1
107 0 0 0 1 0 0 0 1
107 0 0 0 1 0 0 1 0
107 0 0 1 0 0 0 0 0
107 0 1 0 0 0 0 0 0
107 0 1 0 0 0 1 1 1
107 0 1 0 1 1 0 0 0
107 0 1 0 1 1 0 0 1
107 0 1 0 1 1 1 1 0
107 0 1 0 1 2 0 1 1
107 0 1 1 0 0 0 1 0
107 1 0 0 1 1 0 0 0
107 1 0 0 1 1 0 1 1
107 1 0 0 2 1 0 1 0
108 0 0 0 0 0 1 0 0
108 0 0 0 1 1 1 1 0
108 0 0 0 1 2 1 1 0
108 0 1 0 0 0 0 0 0
108 0 1 0 0 0 0 0 1
108 0 1 0 1 1 0 0 0
108 0 1 0 1 2 0 0 0
108 0 1 0 1 2 0 0 1
108 0 1 0 2 1 0 0 1
108 0 1 0 2 1 0 1 1
108 1 0 0 0 0 0 0 0
108 1 0 0 1 0 0 0 1
108 1 0 0 1 0 0 1 1
108 1 0 1 2 1 0 1 1
108 1 1 0 1 1 0 1 1
109 0 0 0 0 0 0 1 0
109 0 0 0 0 1 0 0 0
109 0 0 0 1 0 0 0 1
109 0 0 0 1 0 0 1 1
109 0 0 0 1 0 1 1 0
109 0 0 0 1 1 0 0 0
109 0 0 0 1 1 0 0 0
109 0 0 0 1 2 1 1 1
109 0 1 0 0 0 0 0 1
109 0 1 0 0 1 0 0 0
109 0 1 0 1 0 0 0 0
109 0 1 0 1 1 0 0 0
109 0 1 0 1 1 1 0 1
109 0 1 0 1 2 1 1 0
109 0 1 0 2 2 0 0 1
109 1 1 0 1 0 0 1 0
109 1 1 0 1 0 0 1 1
109 1 1 0 1 0 1 0 0
109 1 1 0 1 1 0 1 0
109 1 1 1 1 0 0 1 0
110 0 0 0 0 0 0 0 0
110 0 0 0 0 0 0 0 0
110 0 0 0 0 0 0 0 1
110 0 0 0 0 0 0 0 1
110 0 0 0 0 0 1 0 0
110 0 0 0 0 1 0 1 0
110 0 0 0 0 1 1 0 1
110 0 0 0 0 1 1 1 0
110 0 0 0 1 1 0 0 0
110 0 0 0 1 1 0 0 1
110 0 0 0 1 1 0 1 0
110 0 0 0 1 2 0 1 0
110 0 0 0 1 2 0 1 1
110 0 0 0 2 1 1 0 1
110 0 0 0 2 2 0 1 0
110 0 0 1 1 1 0 1 1
110 0 1 0 0 0 0 1 1
110 0 1 0 0 0 1 0 0
110 0 1 0 1 0 0 0 0
110 0 1 0 1 2 1 0 0
110 0 1 1 1 1 0 0 1
110 1 0 0 0 1 0 0 1
110 1 0 0 0 2 0 1 0
110 1 0 0 1 1 0 0 1
110 1 0 0 1 1 0 0 1
110 1 0 0 1 1 0 1 0
110 1 1 0 1 1 0 0 1
110 1 1 0 1 1 0 0 1
111 0 0 0 0 0 0 1 0
111 0 0 0 0 0 0 1 1
111 0 0 0 0 0 0 1 1
111 0 0 0 0 1 0 0 0
111 0 0 0 0 1 0 0 0
111 0 0 0 0 1 1 1 0
111 0 0 0 1 1 0 0 0
111 0 0 0 2 2 1 0 1
111 0 1 0 1 0 0 0 0
111 0 1 0 1 0 0 0 0
111 0 1 0 1 1 0 0 0
111 0 1 0 1 1 0 1 1
111 0 1 0 1 2 0 1 1
111 1 0 0 0 0 0 0 0
111 1 0 0 1 0 0 0 1
111 1 1 0 0 0 0 0 1
112 0 0 0 0 0 0 0 0
112 0 0 0 0 1 0 0 0
112 0 0 0 0 1 0 1 0
112 0 0 0 0 1 0 1 1
112 0 0 0 1 0 0 0 1
112 0 0 0 1 1 0 0 1
112 0 0 0 1 1 0 1 1
112 0 0 0 1 2 0 0 1
112 0 0 1 0 0 1 1 0
112 0 0 1 1 2 1 0 0
112 0 0 1 2 1 0 0 1
112 0 1 0 1 0 0 0 0
112 0 1 0 1 1 0 0 1
112 0 1 0 2 2 0 1 0
112 1 0 0 0 0 0 0 1
112 1 0 0 0 0 0 0 1
112 1 0 0 0 1 0 0 0
112 1 0 0 0 2 0 0 0
112 1 0 0 1 1 0 0 0
112 1 0 0 1 1 0 0 1
112 1 0 0 2 1 0 0 0
112 1 1 0 0 0 0 0 0
112 1 1 0 0 0 0 1 0
112 1 1 0 2 2 0 0 0
113 0 0 0 0 0 0 0 0
113 0 0 0 0 0 0 0 0
113 0 0 0 0 2 0 1 0
113 0 0 0 1 0 0 0 1
113 0 0 0 1 0 1 1 1
113 0 0 0 1 1 0 1 0
113 0 0 0 1 1 0 1 0
113 0 0 0 1 1 0 1 0
113 0 0 0 1 1 1 0 1
113 0 0 0 2 2 0 0 1
113 0 0 1 1 1 1 1 1
113 0 1 0 0 1 0 0 1
113 0 1 0 1 0 0 0 1
113 0 1 0 1 1 0 1 1
113 0 1 0 1 2 0 0 0
113 0 1 0 2 0 0 0 0
113 0 1 0 2 1 0 0 0
113 0 1 1 0 1 0 1 0
113 1 0 0 0 0 0 0 0
113 1 0 0 0 0 0 1 1
113 1 0 0 0 1 0 1 0
113 1 0 0 0 1 1 0 0
113 1 0 0 1 1 0 0 1
113 1 1 0 2 2 0 0 1
114 0 0 0 0 0 0 0 1
114 0 0 0 0 0 1 0 0
114 0 0 0 0 0 1 1 0
114 0 0 0 0 1 0 0 0
114 0 0 0 0 1 0 1 0
114 0 0 0 1 0 0 0 1
114 0 0 0 1 0 0 1 0
114 0 0 0 1 0 0 1 0
114 0 0 0 1 2 0 0 0
114 0 0 0 1 2 0 0 1
114 0 1 0 1 0 0 0 0
114 0 1 0 1 1 0 0 1
114 0 1 0 1 1 0 1 0
114 0 1 0 1 1 0 1 1
114 0 1 0 1 1 0 1 1
114 0 1 0 1 2 0 0 0
114 0 1 0 2 0 0 1 0
114 0 1 0 2 1 0 0 1
114 0 1 0 2 2 0 0 1
114 0 1 1 1 1 0 0 0
114 1 0 0 0 0 0 0 1
114 1 0 0 0 1 0 0 1
114 1 0 0 1 0 0 0 0
114 1 0 0 1 0 0 0 0
114 1 0 0 1 1 0 0 1
114 1 0 0 2 0 0 1 1
114 1 1 0 1 1 0 0 0
114 1 1 0 1 1 0 0 0
114 1 1 0 1 1 0 1 0
114 1 1 0 1 2 0 1 0
115 0 0 0 0 0 0 0 0
115 0 0 0 0 0 0 0 0
115 0 0 0 0 0 0 0 1
115 0 0 0 0 0 0 1 0
115 0 0 0 0 1 0 1 0
115 0 0 0 1 1 0 1 0
115 0 0 0 1 1 0 1 1
115 0 0 0 1 1 1 0 1
115 0 0 1 0 1 0 0 1
115 0 1 0 0 0 0 1 0
115 0 1 0 0 0 0 1 0
115 0 1 0 0 1 0 0 0
115 0 1 0 0 1 0 1 1
115 0 1 0 0 2 0 0 0
115 0 1 0 0 2 0 0 1
115 0 1 0 1 0 0 0 0
115 0 1 0 1 1 0 0 0
115 0 1 0 1 1 0 0 0
115 0 1 0 1 1 0 0 1
115 0 1 0 1 1 0 1 0
115 0 1 0 1 1 0 1 0
115 0 1 0 1 2 1 0 0
115 0 1 0 2 2 0 0 0
115 0 1 0 2 2 0 1 1
115 1 0 0 0 0 0 0 0
115 1 0 0 0 0 0 1 0
115 1 0 0 1 0 0 0 0
115 1 0 0 1 0 0 0 1
115 1 0 0 1 1 0 0 1
115 1 0 0 1 1 0 0 1
115 1 0 0 1 1 0 1 0
115 1 0 0 2 1 0 0 1
115 1 1 0 0 0 0 1 1
115 1 1 0 1 1 0 1 0
115 1 1 0 2 1 0 1 0
115 1 1 0 2 2 0 1 0
116 0 0 0 0 1 0 0 0
116 0 0 0 0 1 0 1 0
116 0 0 0 0 2 0 0 0
116 0 0 0 0 2 1 1 0
116 0 0 0 1 1 0 0 0
116 0 0 0 1 1 0 0 1
116 0 0 0 1 1 0 1 0
116 0 0 0 1 1 0 1 1
116 0 0 0 1 1 1 0 1
116 0 0 0 1 2 0 0 0
116 0 0 0 2 2 0 0 0
116 0 0 0 2 2 0 0 0
116 0 0 1 1 1 0 0 0
116 0 0 1 1 1 0 1 0
116 0 1 0 0 0 0 1 0
116 0 1 0 1 1 0 0 0
116 0 1 0 1 1 0 0 0
116 0 1 0 1 1 0 0 0
116 0 1 0 1 1 0 0 1
116 0 1 0 1 1 1 0 0
116 0 1 0 1 2 0 1 1
116 1 0 0 0 0 0 0 0
116 1 0 0 1 1 0 0 0
116 1 0 0 1 1 0 0 0
116 1 0 0 1 1 0 0 1
116 1 0 0 1 1 0 1 0
116 1 0 0 2 2 0 1 1
116 1 1 0 0 0 0 1 0
116 1 1 0 0 1 0 0 1
116 1 1 0 2 2 0 0 0
117 0 0 0 0 0 0 0 0
117 0 0 0 0 0 0 0 1
117 0 0 0 0 1 0 0 1
117 0 0 0 1 0 0 0 0
117 0 0 0 1 0 0 0 0
117 0 0 0 1 1 0 0 0
117 0 0 0 1 1 0 1 0
117 0 0 0 1 1 0 1 0
117 0 0 0 1 1 1 1 0
117 0 0 0 1 2 0 0 1
117 0 0 0 1 2 1 0 1
117 0 0 0 2 2 0 1 0
117 0 0 1 0 1 0 1 0
117 0 0 1 1 1 0 0 1
117 0 1 0 0 0 0 0 0
117 0 1 0 0 1 1 0 0
117 0 1 0 0 2 0 0 1
117 0 1 0 1 0 0 0 0
117 0 1 0 1 1 0 0 0
117 0 1 0 1 1 0 1 0
117 0 1 0 1 1 0 1 1
117 0 1 0 1 2 0 0 1
117 0 1 0 1 2 0 1 0
117 0 1 0 1 2 0 1 1
117 0 1 0 2 1 0 0 1
117 0 1 0 2 1 0 0 1
117 0 1 0 2 1 1 0 0
117 0 1 1 1 1 1 0 0
117 1 0 0 0 0 0 1 0
117 1 0 0 1 0 0 1 0
117 1 0 0 1 1 0 0 1
117 1 0 0 1 2 0 0 0
117 1 0 0 2 0 0 0 1
117 1 1 0 1 2 0 1 0
117 1 1 0 2 2 0 0 0
118 0 0 0 0 0 0 0 0
118 0 0 0 0 1 0 0 0
118 0 0 0 0 1 0 0 1
118 0 0 0 1 0 0 0 0
118 0 0 0 1 0 0 0 1
118 0 0 0 1 0 0 1 0
118 0 0 0 1 1 0 0 0
118 0 0 0 1 1 0 0 0
118 0 0 0 1 1 0 0 1
118 0 0 0 1 2 0 0 1
118 0 0 0 1 2 0 1 1
118 0 1 0 0 1 0 0 0
118 0 1 0 1 1 0 0 1
118 0 1 0 1 2 0 1 1
118 0 1 0 2 1 0 1 0
118 0 1 0 2 1 1 0 1
118 0 1 0 2 2 0 1 0
118 1 0 0 0 1 0 0 0
118 1 0 0 1 0 0 1 0
118 1 0 0 1 1 0 1 0
118 1 1 0 1 1 1 0 1
119 0 0 0 0 0 0 0 0
119 0 0 0 0 0 0 0 0
119 0 0 0 0 1 1 1 1
119 0 0 0 1 1 0 0 1
119 0 0 0 1 1 0 1 0
119 0 0 0 1 2 0 0 1
119 0 0 1 0 1 1 0 0
119 0 1 0 0 0 0 1 0
119 0 1 0 0 0 0 1 1
119 0 1 0 0 1 0 1 1
119 0 1 0 1 1 0 0 0
119 0 1 0 1 1 0 1 1
119 0 1 0 1 1 0 1 1
119 0 1 0 1 1 1 1 0
119 0 1 0 1 2 0 0 0
119 0 1 0 1 2 0 1 0
119 0 1 0 1 2 1 0 0
119 0 1 0 2 2 0 1 0
119 0 1 0 2 2 1 0 1
119 1 0 0 0 0 0 0 0
119 1 0 0 1 0 0 0 0
119 1 0 0 1 1 0 0 0
119 1 0 0 1 1 0 0 0
119 1 0 0 1 1 0 0 1
119 1 0 0 1 1 0 1 1
119 1 0 0 2 1 0 0 1
119 1 0 0 2 1 0 1 0
119 1 1 0 0 0 0 0 1
119 1 1 0 0 1 0 0 0
119 1 1 0 1 1 0 1 0
119 1 1 0 1 1 0 1 1
120 0 0 0 0 0 0 0 0
120 0 0 0 0 0 0 0 1
120 0 0 0 0 0 0 0 1
120 0 0 0 0 0 0 1 0
120 0 0 0 0 0 0 1 0
120 0 0 0 0 1 0 0 0
120 0 0 0 0 1 0 1 0
120 0 0 0 0 1 0 1 0
120 0 0 0 1 0 0 0 0
120 0 0 0 1 0 0 0 0
120 0 0 0 1 0 0 1 1
120 0 0 0 1 1 0 0 0
120 0 0 0 1 1 0 0 0
120 0 0 0 1 1 0 1 0
120 0 0 0 1 1 0 1 1
120 0 0 0 1 1 1 0 1
120 0 0 0 2 2 0 0 1
120 0 1 0 0 0 0 0 0
120 0 1 0 0 0 0 1 0
120 0 1 0 0 1 0 1 0
120 0 1 0 1 0 0 1 0
120 0 1 0 1 1 0 1 0
120 0 1 0 1 1 0 1 0
120 0 1 0 1 1 0 1 1
120 0 1 0 1 2 0 0 0
120 0 1 0 2 1 0 1 1
120 1 0 0 0 0 0 0 0
120 1 0 0 1 1 1 0 1
120 1 0 0 2 1 0 0 0
120 1 1 0 1 1 0 1 0
120 1 1 0 1 2 0 1 0
121 0 0 0 0 0 0 1 0
121 0 0 0 0 1 0 0 1
121 0 0 0 1 0 0 0 1
121 0 0 0 1 0 0 1 0
121 0 0 0 1 0 0 1 1
121 0 0 0 1 1 0 0 0
121 0 0 0 1 1 0 0 1
121 0 0 0 1 1 0 0 1
121 0 0 0 1 1 1 0 1
121 0 0 0 1 2 0 0 0
121 0 0 0 2 1 0 0 0
121 0 0 0 2 1 0 0 0
121 0 0 0 2 1 0 0 1
121 0 0 0 2 2 0 0 1
121 0 1 0 0 0 0 1 1
121 0 1 0 1 1 0 0 0
121 0 1 0 1 1 0 1 1
121 0 1 0 2 1 0 0 1
121 1 0 0 0 0 0 0 0
121 1 0 0 0 1 0 1 0
121 1 0 0 1 1 0 0 0
121 1 1 0 1 1 0 0 1
121 1 1 0 2 1 0 1 0
121 1 1 0 2 2 0 1 0
122 0 0 0 0 0 0 1 1
122 0 0 0 1 1 0 0 0
122 0 0 0 1 2 0 0 0
122 0 0 0 1 2 0 0 1
122 0 0 0 1 2 0 0 1
122 0 0 0 1 2 0 1 0
122 0 0 0 1 2 1 0 0
122 0 0 0 2 0 1 1 1
122 0 0 0 2 1 0 0 0
122 0 0 0 2 2 0 0 0
122 0 1 0 0 0 0 1 1
122 0 1 0 1 0 0 0 0
122 0 1 0 1 0 1 1 0
122 0 1 0 1 1 0 0 1
122 0 1 0 1 1 0 0 1
122 0 1 0 1 1 0 0 1
122 0 1 0 1 2 0 0 1
122 0 1 0 2 1 0 0 1
122 0 1 0 2 2 0 1 1
122 1 0 0 0 0 0 0 1
122 1 0 0 0 1 1 0 1
122 1 0 0 1 0 0 1 0
122 1 0 0 1 1 0 0 0
122 1 0 0 1 1 0 0 1
122 1 0 0 1 1 0 0 1
122 1 0 0 1 1 0 1 1
122 1 1 0 1 1 0 0 1
122 1 1 0 1 1 0 0 1
123 0 0 0 0 0 0 1 0
123 0 0 0 0 0 0 1 0
123 0 0 0 1 0 0 0 0
123 0 0 0 1 0 0 1 0
123 0 0 0 1 1 0 0 0
123 0 0 0 1 1 0 0 0
123 0 0 0 1 1 0 1 0
123 0 0 0 1 1 0 1 0
123 0 0 0 1 1 0 1 0
123 0 0 0 1 1 0 1 1
123 0 0 0 1 1 0 1 1
123 0 0 0 1 2 0 0 1
123 0 0 0 1 2 1 1 0
123 0 0 0 2 1 0 0 0
123 0 0 0 2 1 0 0 1
123 0 0 0 2 2 0 0 0
123 0 0 0 2 2 1 1 0
123 0 1 0 0 0 0 1 1
123 0 1 0 0 1 0 1 0
123 0 1 0 1 0 0 0 1
123 0 1 0 1 0 0 0 1
123 0 1 0 1 0 0 1 0
123 0 1 0 1 1 0 1 0
123 0 1 1 0 1 0 1 0
123 1 0 0 1 1 0 0 1
123 1 0 0 1 1 0 1 0
123 1 0 0 1 2 0 1 0
123 1 1 0 0 0 0 0 1
123 1 1 0 1 0 0 0 0
123 1 1 0 1 0 0 1 1
123 1 1 0 1 1 0 1 1
123 1 1 0 1 1 0 1 1
123 1 1 0 2 1 0 0 1
124 0 0 0 0 0 0 1 1
124 0 0 0 0 1 0 0 0
124 0 0 0 0 1 0 0 0
124 0 0 0 0 1 0 0 0
124 0 0 0 0 1 0 1 1
124 0 0 0 1 0 0 0 0
124 0 0 0 1 0 0 0 0
124 0 0 0 1 0 0 0 0
124 0 0 0 1 0 0 1 1
124 0 0 0 1 1 0 1 1
124 0 0 0 1 1 0 1 1
124 0 0 0 1 1 1 0 1
124 0 0 0 1 2 0 0 0
124 0 0 0 1 2 0 0 1
124 0 0 0 1 2 0 1 1
124 0 0 0 2 1 0 0 1
124 0 1 0 0 0 0 1 0
124 0 1 0 2 2 0 0 1
124 0 1 0 2 2 0 1 0
124 1 0 0 0 0 0 1 1
124 1 0 0 1 0 0 0 0
124 1 0 0 1 0 0 0 1
124 1 0 0 1 1 0 1 1
124 1 0 0 1 2 0 0 1
124 1 0 0 1 2 1 0 1
124 1 1 0 1 1 0 0 0
124 1 1 0 2 2 0 0 0
124 1 1 0 2 2 0 1 0
125 0 0 0 0 0 0 0 0
125 0 0 0 0 0 1 1 0
125 0 0 0 0 2 1 1 0
125 0 0 0 1 1 0 0 0
125 0 0 0 1 1 0 0 1
125 0 0 0 1 1 0 0 1
125 0 0 0 1 1 0 1 0
125 0 0 0 1 1 0 1 0
125 0 0 0 1 1 0 1 0
125 0 0 0 1 1 0 1 1
125 0 0 0 1 1 0 1 1
125 0 0 0 1 2 0 1 0
125 0 0 0 1 2 1 0 0
125 0 0 1 1 1 0 0 1
125 0 1 0 0 1 0 0 0
125 0 1 0 0 1 0 1 1
125 0 1 0 1 0 0 1 1
125 0 1 0 1 1 0 0 1
125 0 1 0 1 1 0 0 1
125 0 1 0 1 1 0 0 1
125 0 1 0 1 1 0 1 0
125 0 1 0 1 2 1 1 1
125 0 1 0 2 2 0 1 0
125 1 0 0 0 0 0 1 0
125 1 0 0 0 1 0 0 1
125 1 0 0 1 0 0 0 1
125 1 0 0 1 1 0 1 0
125 1 0 0 2 1 0 1 0
125 1 0 0 2 1 0 1 1
125 1 0 0 2 2 1 1 1
126 0 0 0 0 0 0 0 1
126 0 0 0 0 1 0 0 0
126 0 0 0 0 1 0 1 0
126 0 0 0 0 1 1 0 0
126 0 0 0 0 2 0 1 0
126 0 0 0 1 1 0 0 0
126 0 0 0 1 1 0 0 1
126 0 0 0 1 1 0 1 0
126 0 0 0 1 2 0 0 0
126 0 0 0 1 2 1 0 1
126 0 0 0 2 2 0 0 1
126 0 1 0 0 0 0 0 0
126 0 1 0 1 1 0 0 1
126 0 1 0 1 1 1 1 0
126 0 1 0 1 2 0 0 1
126 0 1 0 1 2 0 1 0
126 1 0 0 0 0 0 0 0
126 1 0 0 0 0 0 0 1
126 1 0 0 0 0 0 0 1
126 1 0 0 2 1 0 1 0
126 1 0 1 1 1 0 1 1
126 1 1 0 0 1 1 0 0
126 1 1 0 1 0 0 1 1
126 1 1 0 1 1 0 0 1
127 0 0 0 0 0 0 0 1
127 0 0 0 0 1 0 1 0
127 0 0 0 0 1 0 1 0
127 0 0 0 0 2 0 0 0
127 0 0 0 1 1 0 0 1
127 0 0 0 1 1 0 0 1
127 0 0 0 1 1 1 0 1
127 0 0 0 1 2 0 0 1
127 0 0 0 1 2 0 1 0
127 0 0 0 1 2 1 0 1
127 0 0 0 1 2 1 0 1
127 0 0 0 1 2 1 1 0
127 0 0 0 2 1 0 1 0
127 0 0 0 2 1 0 1 1
127 0 0 0 2 1 0 1 1
127 0 1 0 0 2 1 0 0
127 0 1 0 1 0 0 0 0
127 0 1 0 1 1 0 1 1
127 0 1 0 2 2 0 0 0
127 0 1 1 0 1 0 0 0
127 0 1 1 2 2 0 1 0
127 1 0 0 0 0 0 1 0
127 1 0 0 1 1 0 0 0
127 1 0 0 1 1 0 0 1
127 1 0 0 1 1 0 1 0
127 1 0 1 1 1 0 1 0
127 1 1 0 1 0 0 1 1
127 1 1 0 1 1 0 0 0
127 1 1 0 2 1 0 1 0
128 0 0 0 0 0 0 0 0
128 0 0 0 0 0 0 0 0
128 0 0 0 0 0 1 1 1
128 0 0 0 0 1 0 0 1
128 0 0 0 0 1 0 1 1
128 0 0 0 0 1 1 0 0
128 0 0 0 0 2 1 0 0
128 0 0 0 1 1 0 0 0
128 0 0 0 1 1 0 0 1
128 0 0 0 1 1 0 1 0
128 0 0 0 1 1 0 1 0
128 0 0 0 1 1 0 1 0
128 0 0 0 1 2 0 0 1
128 0 0 0 2 1 0 0 1
128 0 0 0 2 1 0 1 0
128 0 0 0 2 2 0 1 0
128 0 1 0 1 0 0 0 0
128 0 1 0 1 1 0 0 0
128 0 1 0 1 1 0 1 1
128 0 1 0 1 1 1 1 1
128 0 1 0 1 2 0 1 1
128 1 0 0 1 0 0 1 1
128 1 0 0 1 1 0 0 0
128 1 0 0 1 1 0 1 0
128 1 0 0 1 1 0 1 1
128 1 0 0 2 0 0 0 1
128 1 0 1 1 1 0 0 0
128 1 1 0 1 0 0 0 1
129 0 0 0 0 0 0 0 0
129 0 0 0 0 0 0 0 0
129 0 0 0 0 2 0 1 1
129 0 0 0 1 0 0 1 0
129 0 0 0 1 0 0 1 0
129 0 0 0 1 1 0 0 1
129 0 0 0 1 1 0 0 1
129 0 0 0 1 1 0 1 0
129 0 0 0 1 1 0 1 1
129 0 0 0 1 1 1 0 1
129 0 0 0 1 2 0 0 1
129 0 0 0 1 2 0 1 1
129 0 0 0 2 1 0 0 1
129 0 0 0 2 2 0 0 1
129 0 0 0 2 2 0 0 1
129 0 0 0 2 2 0 1 0
129 0 0 0 2 2 0 1 1
129 0 0 0 2 2 1 1 0
129 0 0 1 1 1 0 1 0
129 0 1 0 0 2 0 0 0
129 0 1 0 1 0 0 0 0
129 0 1 0 1 0 0 1 0
129 0 1 0 1 1 0 0 0
129 0 1 0 1 1 0 1 0
129 0 1 0 1 2 0 0 0
129 0 1 0 2 1 0 0 1
129 0 1 0 2 1 0 0 1
129 0 1 0 2 1 0 1 1
129 1 0 0 0 0 0 0 0
129 1 0 0 1 1 0 0 0
129 1 0 0 1 1 0 0 0
129 1 0 0 1 1 0 1 0
129 1 1 0 1 1 0 0 1
129 1 1 0 1 1 0 0 1
130 0 0 0 0 1 0 0 0
130 0 0 0 0 1 0 1 0
130 0 0 0 0 1 0 1 1
130 0 0 0 1 1 0 0 0
130 0 0 0 1 1 0 0 0
130 0 0 0 1 1 0 0 1
130 0 0 0 1 1 0 1 1
130 0 0 0 1 1 0 1 1
130 0 0 0 1 2 0 0 1
130 0 0 0 2 1 1 0 1
130 0 0 1 0 1 0 0 0
130 0 1 0 0 0 0 1 0
130 0 1 0 0 1 0 0 1
130 0 1 0 1 0 0 0 1
130 0 1 0 1 1 0 0 0
130 0 1 0 1 1 0 0 1
130 0 1 0 1 2 0 0 0
130 0 1 0 1 2 0 0 1
130 0 1 0 2 2 0 0 0
130 1 0 0 1 1 0 1 1
130 1 1 0 1 1 0 0 0
130 1 1 0 1 1 0 0 0
130 1 1 0 1 1 0 1 0
131 0 0 0 0 0 0 0 1
131 0 0 0 1 1 0 0 0
131 0 0 0 1 1 0 1 0
131 0 0 0 1 1 0 1 0
131 0 0 0 1 1 0 1 1
131 0 0 0 1 1 1 0 0
131 0 0 0 1 2 1 0 0
131 0 0 0 1 2 1 1 0
131 0 0 0 2 1 0 0 1
131 0 0 0 2 1 0 1 0
131 0 0 0 2 2 0 0 1
131 0 0 0 2 2 1 0 0
131 0 0 1 1 1 0 0 0
131 0 1 0 0 2 0 0 1
131 0 1 0 0 2 0 1 0
131 0 1 0 1 1 0 0 0
131 0 1 0 1 1 0 0 0
131 0 1 0 1 1 0 0 1
131 0 1 0 1 2 0 0 1
131 1 0 0 1 1 0 0 0
131 1 0 0 1 1 0 1 0
131 1 0 0 2 1 0 0 0
131 1 1 0 0 0 0 0 0
131 1 1 0 1 1 0 1 0
131 1 1 0 2 1 0 0 1
132 0 0 0 0 0 0 1 0
132 0 0 0 1 1 0 0 0
132 0 0 0 1 1 0 0 0
132 0 0 0 1 1 0 0 0
132 0 0 0 1 1 0 0 0
132 0 0 0 1 1 0 1 1
132 0 0 0 1 2 0 0 0
132 0 0 0 2 1 0 1 1
132 0 0 1 1 1 0 0 1
132 0 0 1 2 2 0 0 1
132 0 1 0 1 1 0 1 1
132 0 1 0 1 2 0 1 1
132 0 1 0 1 2 1 0 0
132 0 1 0 2 1 0 1 0
132 0 1 0 2 2 0 0 1
132 1 0 0 0 1 0 1 0
132 1 0 0 1 1 0 0 0
132 1 0 0 1 1 0 1 0
132 1 0 0 1 1 0 1 1
132 1 0 0 1 2 0 0 0
132 1 0 0 2 1 0 1 1
133 0 0 0 0 0 0 0 0
133 0 0 0 0 0 0 0 1
133 0 0 0 0 1 1 0 0
133 0 0 0 1 1 0 0 0
133 0 0 0 1 1 0 1 0
133 0 0 0 1 1 0 1 0
133 0 0 0 1 1 1 0 0
133 0 0 0 1 2 0 0 1
133 0 0 0 1 2 0 1 0
133 0 1 0 0 0 0 1 0
133 0 1 0 1 0 0 0 0
133 0 1 0 1 0 0 0 1
133 0 1 0 1 1 0 1 0
133 0 1 0 1 1 0 1 1
133 0 1 0 1 1 1 1 1
133 1 0 0 0 1 0 0 0
133 1 0 0 1 1 0 0 0
133 1 0 0 1 1 0 0 1
133 1 0 0 1 2 0 1 0
134 0 0 0 0 0 0 0 0
134 0 0 0 0 0 0 0 0
134 0 0 0 0 0 0 0 0
134 0 0 0 0 1 0 1 0
134 0 0 0 0 1 1 0 0
134 0 0 0 1 1 0 0 0
134 0 0 0 1 1 0 0 0
134 0 0 0 1 1 0 1 0
134 0 0 0 1 1 1 0 1
134 0 0 0 1 2 0 0 0
134 0 0 0 2 1 0 0 0
134 0 0 0 2 1 0 0 1
134 0 0 0 2 1 0 1 0
134 0 1 0 0 1 1 0 1
134 0 1 0 1 0 0 1 0
134 0 1 0 1 1 0 0 0
134 0 1 0 2 2 0 1 0
134 1 0 0 2 1 0 0 0
135 0 0 0 1 0 0 0 0
135 0 0 0 1 1 0 0 0
135 0 0 0 1 1 0 0 0
135 0 0 0 1 1 0 0 0
135 0 0 0 1 1 0 0 0
135 0 0 0 1 1 0 1 1
135 0 0 0 1 1 0 1 1
135 0 0 0 1 1 1 1 0
135 0 0 0 1 2 0 0 0
135 0 0 0 2 2 1 0 0
135 0 1 0 2 1 0 0 0
135 1 0 0 0 0 0 0 0
135 1 1 0 2 1 0 1 0
136 0 0 0 0 0 0 1 0
136 0 0 0 0 0 0 1 0
136 0 0 0 0 2 0 1 0
136 0 0 0 0 2 0 1 1
136 0 0 0 1 0 0 0 0
136 0 0 0 1 0 0 0 1
136 0 0 0 1 0 0 1 1
136 0 0 0 1 1 0 0 0
136 0 0 0 1 1 1 0 0
136 0 0 0 1 2 0 0 0
136 0 0 0 1 2 0 1 1
136 0 0 0 1 2 1 0 0
136 0 0 1 1 1 0 0 0
136 0 1 0 1 1 0 1 1
136 0 1 0 1 1 1 0 0
136 0 1 0 2 1 0 1 0
136 1 0 0 0 0 0 0 1
136 1 0 0 1 1 0 0 0
136 1 0 0 1 1 0 0 1
136 1 0 0 1 1 0 1 0
136 1 0 0 1 2 0 0 0
136 1 1 0 2 2 0 0 0
137 0 0 0 0 0 0 0 0
137 0 0 0 0 0 0 0 1
137 0 0 0 0 0 0 1 0
137 0 0 0 1 0 0 1 1
137 0 0 0 1 1 0 0 0
137 0 0 0 1 1 1 1 0
137 0 0 0 1 2 0 0 1
137 0 0 0 1 2 0 1 1
137 0 0 0 2 0 0 1 1
137 0 0 1 1 1 0 0 0
137 0 1 0 2 1 0 0 1
137 1 0 0 1 0 0 0 1
137 1 0 0 1 1 0 1 0
137 1 0 0 1 2 0 0 0
137 1 1 0 1 1 0 1 1
138 0 0 0 1 0 0 0 0
138 0 0 0 1 0 0 1 0
138 0 0 0 1 1 0 0 0
138 0 0 0 1 1 0 0 0
138 0 0 0 1 1 0 0 1
138 0 0 0 1 1 1 1 0
138 0 0 0 1 2 0 0 1
138 0 0 0 1 2 0 0 1
138 0 0 1 0 2 0 1 0
138 0 0 1 2 1 1 0 0
138 0 1 0 1 1 0 0 0
138 0 1 0 1 1 0 0 0
138 0 1 0 1 1 0 0 1
138 0 1 0 1 1 0 1 1
138 1 0 0 1 0 0 0 1
138 1 0 0 1 1 0 0 0
138 1 0 0 1 2 0 1 0
138 1 0 0 2 1 0 1 1
139 0 0 0 0 1 0 1 1
139 0 0 0 0 1 1 0 1
139 0 0 0 1 1 0 0 1
139 0 0 0 1 1 0 1 0
139 0 0 0 1 1 1 0 0
139 0 0 0 1 1 1 1 1
139 0 0 0 1 2 0 1 1
139 0 0 0 1 2 0 1 1
139 0 0 0 2 1 0 0 0
139 0 0 0 2 1 0 0 1
139 0 1 0 1 1 0 0 0
139 0 1 0 1 1 0 0 0
139 1 0 0 1 1 0 0 0
139 1 0 0 2 0 0 1 0
139 1 0 0 2 1 0 0 1
140 0 0 0 0 0 0 1 0
140 0 0 0 1 0 0 0 0
140 0 0 0 1 1 1 0 1
140 0 0 0 2 1 0 1 0
140 0 0 1 1 2 0 0 1
140 0 1 0 1 0 0 0 0
140 1 0 0 1 1 0 0 1
140 1 0 0 2 1 0 0 1
140 1 1 0 2 1 0 1 0
141 0 0 0 0 1 0 0 0
141 0 0 0 1 0 0 0 0
141 0 0 0 1 2 1 0 1
141 0 0 0 2 2 0 0 0
141 0 0 0 2 2 0 1 0
141 0 1 0 0 0 0 0 0
141 0 1 0 0 2 0 0 1
141 0 1 0 1 0 0 0 0
141 0 1 0 1 1 0 0 1
141 0 1 0 1 1 0 1 0
141 1 0 0 1 0 0 0 1
141 1 1 0 2 1 0 0 0
142 0 0 0 1 1 0 0 0
142 0 0 0 1 1 0 0 0
142 0 0 0 1 1 0 0 1
142 0 0 0 1 1 1 0 1
142 0 0 0 1 2 1 0 0
142 0 1 0 1 1 1 1 0
142 0 1 0 2 2 1 0 0
142 1 0 0 0 1 0 0 0
142 1 0 0 1 1 0 0 1
142 1 1 0 1 1 0 1 0
143 0 0 0 1 1 0 0 0
143 0 0 0 1 1 0 0 1
143 0 0 0 1 2 1 0 1
143 0 0 0 2 1 0 0 1
143 0 0 0 2 2 0 0 1
143 0 0 0 2 2 0 1 1
143 0 1 0 1 0 0 1 0
143 0 1 0 1 1 0 0 0
143 0 1 0 1 1 0 0 1
143 0 1 0 1 1 0 1 0
143 0 1 0 1 1 1 0 1
143 1 0 0 1 1 0 1 0
143 1 0 0 2 2 0 0 0
144 0 0 0 0 0 0 1 1
144 0 0 0 1 1 0 0 0
144 0 0 0 1 1 0 1 1
144 0 0 0 2 0 0 0 1
144 0 0 0 2 1 0 0 0
144 0 0 0 2 2 0 0 0
144 0 0 1 2 2 0 1 1
144 0 1 0 0 1 0 0 1
144 0 1 0 1 1 0 0 0
144 0 1 0 1 2 0 1 0
144 0 1 0 1 2 0 1 1
144 0 1 0 2 1 0 0 0
144 1 0 0 1 1 0 0 0
144 1 0 0 1 1 0 1 0
144 1 1 0 0 0 0 1 0
144 1 1 0 2 1 0 0 1
144 1 1 0 2 2 0 1 1
145 0 0 0 0 0 0 0 0
145 0 0 0 1 1 0 0 1
145 0 0 0 2 2 0 0 0
145 0 0 1 1 1 0 1 1
145 0 1 0 1 0 1 0 0
145 0 1 0 1 1 0 0 0
145 0 1 0 1 1 0 0 1
145 0 1 0 2 2 1 1 0
145 1 0 0 2 1 0 0 0
145 1 1 0 1 0 0 0 0
146 0 0 0 0 0 0 1 0
146 0 0 0 0 2 0 0 1
146 0 0 0 1 0 1 1 1
146 0 0 0 1 1 0 0 0
146 0 0 0 1 1 0 0 0
146 0 0 0 1 1 0 1 0
146 0 0 0 1 2 0 0 0
146 0 0 0 2 1 0 1 1
146 0 1 0 0 0 1 1 0
146 0 1 0 1 2 0 0 1
147 0 0 0 1 1 0 0 0
147 0 0 0 1 1 0 0 1
147 0 0 0 1 1 0 0 1
147 0 0 0 2 2 0 0 0
147 0 0 0 2 2 0 1 0
147 1 0 0 2 1 0 0 0
148 0 0 0 2 2 0 1 0
148 0 0 0 2 2 1 0 1
148 0 1 0 1 0 0 1 1
148 1 0 0 1 0 0 1 0
149 0 0 0 0 0 0 1 0
149 0 0 0 1 1 1 1 1
149 0 0 0 2 1 0 0 0
150 0 0 0 0 1 1 0 1
150 0 0 0 1 1 0 0 0
150 0 0 0 1 1 0 1 1
150 0 0 0 1 2 0 0 0
150 0 0 0 2 1 1 0 0
150 0 0 0 2 2 1 0 0
150 0 1 0 0 0 0 0 0
150 0 1 0 2 1 0 0 1
151 0 0 0 1 1 0 1 0
151 0 1 0 1 1 1 1 1
151 1 0 0 1 1 0 1 0
152 0 0 0 0 1 1 1 1
152 0 0 0 1 2 0 0 0
152 0 0 0 2 1 1 0 1
152 0 1 0 0 1 0 0 1
152 0 1 0 1 1 0 1 0
152 1 0 0 2 1 0 0 0
153 0 0 0 1 2 0 0 1
153 0 1 0 1 0 0 1 0
154 0 0 0 1 2 0 1 0
154 0 0 0 1 2 1 1 1
154 0 1 0 1 1 0 1 1
154 0 1 0 1 1 1 0 0
154 0 1 0 2 2 1 1 1
155 0 0 0 0 1 0 0 0
155 0 0 0 1 1 0 0 1
155 0 0 0 1 2 0 0 1
155 0 0 0 1 2 0 1 0
155 0 1 0 1 1 0 0 0
155 1 0 0 2 1 0 0 0
156 0 0 0 1 1 0 1 0
156 0 1 0 1 1 0 0 1
157 0 0 0 1 1 0 1 0
158 0 0 0 0 1 0 1 0
158 0 0 0 1 1 0 0 1
158 0 0 0 1 1 1 0 1
158 0 1 0 1 1 0 0 0
158 1 0 0 2 1 1 1 0
159 1 0 0 1 0 0 0 0
160 0 0 0 1 1 0 1 0
160 0 0 0 2 1 0 0 1
160 0 0 0 2 2 0 0 0
160 0 1 0 1 0 0 0 0
160 0 1 0 2 2 0 0 1
161 1 1 0 2 2 0 1 0
162 0 0 0 1 1 0 0 0
163 0 0 0 0 0 1 0 0
163 0 0 0 2 1 1 0 0
163 1 1 0 1 1 0 1 0
164 1 0 0 1 2 0 1 0
165 0 0 0 1 2 0 0 0
166 0 0 0 2 1 0 1 0
167 1 0 0 1 1 0 0 0
169 0 0 0 2 2 0 1 0
170 1 0 0 1 1 0 0 0
173 0 0 0 1 0 0 0 1
174 0 0 0 0 2 0 0 0
174 0 0 0 1 2 1 0 0
174 0 0 0 2 2 1 1 1
176 1 0 0 2 2 0 0 1
