2.05780828730791
0.287421279310619
1.7403543046197
3.48257445608634
0.604199699432507
-0.258792101728123
-0.111022813364523
1.34716517237667
0.797704803157101
0.0269441937573748
1.2413367314135
-0.557678883035701
-0.369539917459669
0.204098943417057
1.36506980477338
0.725045466605364
0.147998269260944
0.197034390195005
0.681870488666806
1.64179989906502
1.77175229314077
0.689038534811784
-1.18081511709449
-0.543858814537284
-0.100247479437523
-1.60877165231957
-1.22773390435673
-1.24159513610904
0.234016027523967
0.614395896288337
1.09087317232647
2.15989367380127
2.36247801292249
-0.437799227360504
0.324217379008918
-0.351607951621522
0.0306535774795037
1.89962699010395
0.543781255168261
0.577737641406411
1.25569984690908
0.995131085244118
0.295208404495167
0.546959600781487
-0.288085591253104
-1.22886961197661
-2.03037881950019
-0.364324564073382
-0.251549664619619
-0.990788896167375
-0.367147987935449
-0.142358809726951
1.4521943168302
1.45527121656016
3.25356893699167
2.6953596080291
3.46488782357293
1.97984184679741
0.17306333896199
-1.31042397650189
0.74246159239639
2.12822909279212
1.40622858446615
0.264710031899008
0.75764628273594
1.12750001837545
0.147664620243823
-0.908697903108965
-1.21124864830608
-0.186340984898092
-1.00721171796041
-1.50039818508947
-1.97511141692499
-1.94967166834742
-0.213893030293448
-0.528679798322513
-0.822652672447928
-0.66463054648889
0.0091479121338541
-1.07148839898009
-0.152751818125626
0.0839842783190861
-0.138983776486141
0.0738371381280805
0.633176775540286
-0.706449180683299
0.0575288099790453
0.13088553136717
0.154889999378438
-0.687404887916403
-0.370459322416328
0.739162490687414
-1.09021858894202
-1.43218719898354
-2.11399952977167
-2.55912205311467
-2.33266703540385
-1.74396280557028
-1.87219637273932
-1.00469291174761
-1.23733478287319
-0.700317735230633
-1.18003542440674
-2.19801104939598
0.577310143442078
1.17306352889367
-0.0898847594153235
-1.83008459660783
-0.591469680878021
0.62414834716116
1.10777300408364
0.644510800640479
0.365431572823652
-0.406467582663983
-1.82466399510856
-1.44156159477484
-0.58364909027546
-0.849594905167134
-1.32802499553459
-0.823752944213427
0.968731097972652
0.820300546151752
0.85607738746561
-0.101054126575839
-0.641022319790567
-1.29761219643004
-2.74571617997762
-3.14975240891042
-1.29072574554011
-1.3261999982265
-1.07473433590515
0.743176446538663
1.27108129930327
-0.955318026593411
0.932674420949066
0.179272844775095
-1.01786512946345
2.5741349640701
-0.676160928326269
-0.289112428245583
0.758656462414125
-0.721872339206305
-0.119143928935106
-1.71259399042539
-0.745768552585106
0.869864600242004
0.0440357113594962
-0.221347045963327
-0.457664601089172
0.306119944415416
0.85724034516328
0.0703530152877418
-2.04773205825738
0.247551975756087
1.16242549989907
0.662480371509102
-0.0635400471556105
-2.28567453394178
-2.70020308654621
-0.725811459247842
-2.46699193099349
-1.46128162536899
-0.156296370304648
0.26540930719473
1.93587145275131
0.588821951419207
0.252849393844805
0.861286352783908
1.69782022104226
0.54590435827104
0.435447849261247
-0.229571348001742
0.0595675542400349
0.566508145665643
0.144753415709538
0.528460921965682
-0.208794698569
-2.16235716729904
-2.8002094632887
0.0416415852867015
1.08554448512861
-1.25605986621491
0.169783009132535
0.838728536766053
0.016000523635562
-0.72419721193992
-1.45132029515603
-0.367864869827801
-2.61686344843574
-0.911016622706425
-1.40274556601376
-0.0702566791642457
1.50884514600221
0.0471369853603242
0.824657219577912
0.782367508355097
-0.873915047556857
-0.806944432878628
-1.51018589411246
-1.06139573320584
0.554422545890905
0.130018402628294
-0.0340122795281487
0.41988463972672
1.33768266405256
-0.619284421428392
-0.81018485353365
-2.61583597696228
-0.891948330061562
-1.70358419659622
-1.90928277407278
0.390994038188342
-1.40328773119792
-1.78922531609522
-1.38025708126948
-1.55922296902049
-1.35116727818646
-0.762922014438004
0.0964082304246154
0.673055715799946
-2.2236835172525
-1.38492945282565
-1.17818138122074
-1.98415594013333
-1.70268985922049
-0.400527499139365
0.443043723220013
0.222586653558243
-0.918736494560534
-0.763139154944238
-0.370804970241149
-0.479409551954707
-0.88678101304936
0.00276746649341399
2.21661545003781
0.450384391401834
3.08748543790214
1.63510886379888
0.53635011228507
0.0432429328131979
0.828632319858876
-1.78155541518692
-1.04869982221745
-1.36651259141922
0.737111547766736
0.618476345563484
-0.592646559138202
-0.618751166004832
-0.295265569278955
-1.04161513234536
-1.19651218030597
-0.087302092155583
0.950971159915492
1.70864271086478
2.63140581256429
1.95760568477286
2.91450311455536
-0.504274415989007
3.00648699199705
1.91600375541489
3.00656951993604
3.1065636119941
2.70055414270821
3.04516453209358
3.29414171720009
2.87627247180261
2.94127230818293
0.0426302116150764
1.35373111310445
-0.72360535005433
-0.192512580410806
1.33202479497529
1.85381876501604
0.612588951179402
1.20862724899616
0.95452587776135
0.804597856370798
0.770502670222533
0.328734799508691
1.54918488052129
1.20817757403865
1.63224019947779
1.24656727873675
0.0748663905857279
1.06118080268306
-1.20632473035915
-0.400332474182142
0.322549662130277
1.85135656795196
1.92826866507861
1.19566249992358
-0.156463700028659
-0.319610813496202
-0.908224201731565
1.72171011268436
-1.48410119980924
-0.598509370124702
1.84464996618661
1.5574577642739
0.714627900341802
0.019216016598451
-1.19493194608263
0.00155848684525914
-0.379012251407205
-0.594805881114638
2.44674025432652
0.861987533920437
0.277922187392521
-2.23478579394703
-1.4005037820938
-0.268091033903542
-1.36338776314738
0.512407361803365
1.35660669705782
-0.886774183668175
-1.57364589410369
0.121659400284032
-0.137684520925834
0.666527340771535
-0.0115792303742761
-1.52610049655228
-0.521901853723824
-1.91477171110605
-0.870262113195112
0.954060418673497
0.681378149177906
0.769066655161524
1.13055565239239
-0.198204791110148
1.00664678746904
2.8027860212863
0.345324789511896
0.673117023403391
1.5662551720938
2.49360424242989
1.61665374180715
2.36782750687615
-0.467624859675257
1.06663633858501
1.48769064929633
0.767314712682844
0.362172442683284
1.01979013496911
1.8935282396633
0.143398433083385
-0.119207358277823
-0.0709114837241365
0.247538588578686
1.01892833312272
-0.468781113207691
1.37593014569485
1.30991111873899
0.599848451894246
1.67743395905493
2.10173980563762
1.24361932255906
2.27087344013175
1.54266540885446
0.222780317078
1.28797730144712
1.05044322195446
-0.661122695276775
0.812676128026936
0.501922440950295
1.25450086838975
-0.817915837920116
-0.516449086425955
-1.13352385157712
-1.72500854430365
0.92671689012186
1.57425291203988
-1.17696739841387
0.0358666078636071
-1.4708340639289
-1.44470446389072
-0.144393353559277
-0.424121162824127
-0.218463814499857
1.45345560257822
2.11054162722555
0.7769422083281
0.909363035606124
1.58305943199837
0.075562863593672
-0.627503254194273
-1.74081840284385
-0.0646461427736992
0.470465722421985
-0.37149266922039
0.0494870250945066
-0.350307094201282
0.804357326146335
0.6114568986717
0.459812446079018
0.301736232908222
1.43494910982354
0.538882437893118
1.10495653262757
1.39690067832989
2.22399958664375
-0.0672307775472571
1.12817917560497
0.482942127438988
-0.311016983645344
0.428343820911652
-0.967574048663695
-0.351079827208006
0.0227066695107607
-1.378849920072
-0.896854915612091
-1.23686446530023
-0.72965816389889
-1.31934910426411
-1.52371397457836
-0.962290339347032
-2.38471493223974
-1.04074454551494
-1.29957235009348
-0.0943364574263546
-2.00275930742904
-2.02454129803306
-1.13222485187222
0.463795983185323
-0.208511738522097
0.408447099658284
1.04924301779525
1.23699804319789
1.28111745669165
2.39931122266052
3.74778401861141
3.14618598858004
3.20877371916044
2.50136720094859
1.63348420522465
1.61119550988898
3.12694237753791
2.07364976249064
2.00128847328018
-0.638199731051808
1.7552708540194
1.91967268426958
2.00903391789153
0.996535791138578
1.70445251193396
0.133695510718319
0.79305901646502
0.543533431407816
1.71662068970613
1.77135880332805
1.25432432550887
0.46167102854604
-0.984721254782646
-0.754792082716945
-0.211632763582204
0.6461938832467
2.01214274521115
0.116265673581275
0.226583988874792
-1.21219288747852
1.36428121321068
-1.81989829165666
-1.57225558751733
-1.5362342629343
-1.46051854448283
-1.31167256051365
-1.75259095510339
-1.07130401317726
0.102515076166078
-0.052117373538654
0.479430253878161
-0.300080435969149
0.383903562819974
0.45407602665741
-3.03751377659818
-4.11517013827575
-4.50456854512846
-2.10428646483936
-1.41830847301362
-0.00276258653623514
-0.875345529051819
0.174213405770244
1.70140392729549
-0.459859326260492
-1.33716051411606
-2.22931712855469
-2.57907490022126
-0.0116464253286545
-2.24256224081533
-1.16978133620982
-2.76691595835253
-1.52078776401228
-2.17898461744229
-1.59501637054436
-0.923851100724798
0.425953149124193
-0.897865555141344
-0.66944555132168
-0.950638097553823
-0.90144137493418
-0.508676148365455
-2.88470973265947
-1.70655515104833
0.500973111975679
0.243119772177079
0.913867788504314
-0.459826148689943
-1.40887754805403
-2.81530124892402
-3.85533926882513
-1.80444625015527
-2.71881707871264
-1.50632923315772
-0.354850290957687
-1.64508027615581
-1.8875622367285
-2.44190799155827
-2.70320445887139
-1.51009662602394
-1.19851092979184
0.64680064198948
0.990466603770057
1.88644389524925
0.601611084787932
1.19215484855929
0.16280608790218
-1.10222366401128
-0.170321781687825
-1.64439208762624
-1.51644297968369
-0.289283175254779
-0.616667415755286
0.0741009133857645
-1.55599430744162
0.0820618573165827
0.833273785722529
0.275896943831472
-0.878658415838654
-0.62985739679969
-0.537908812702042
-0.76848517877236
-2.11046396641295
-0.242566641192663
0.235672471084767
0.504559502426645
-0.720000813262661
-0.00105742614016027
-0.246553739751889
-0.689898150373744
-0.403407221432004
-2.04272808011783
-2.4538464457782
-0.601157819925384
-1.34111599632162
-1.08763590836007
-0.535628808461727
0.16150708908639
-0.799297927142248
-0.347127521696702
-0.584506671950208
0.898801157816281
0.173549506382638
0.0923746789578167
-1.58574241000958
-0.857478262907697
-2.31272006360415
-0.19660402762879
0.853111776629015
1.45548209421465
0.0222251438883676
-1.01053868860294
1.25944318751996
0.184323222885429
-2.28166421630505
-1.78609986881478
-1.03528358632156
-0.956086511992103
0.141532081581668
-1.52823234771194
-1.96802249417856
-1.0744036936806
0.792821573000936
0.69719662610572
-0.199451287905303
0.10670737773707
0.584871769246643
-0.15901365191837
0.805780666155376
1.40935184781406
2.20660001790536
0.815203792697023
0.921150508532027
-0.667751995722818
2.25620975361785
0.39859951171345
1.10425217504567
0.642824440899191
-0.000829449002738698
-0.597804759033988
-0.0715009224018603
0.848805582914666
-0.10432856406025
-1.90929235732934
-1.17791966297148
-1.60949663262974
-0.855101081004243
-0.547559759760931
-1.62312291952577
-2.21242391081397
-1.29977972085109
0.761845911518721
1.75821793282202
0.197160723483612
-0.917924345095517
-0.786088863743878
-1.30686674563269
-2.43015977535186
-2.09982239771488
-0.832570044119846
-2.62884308345578
-1.4520039126549
-0.961691920402294
-2.90476608107224
-1.26795776002423
-1.81527700087135
-3.44276768919318
-1.07286887303076
-1.70536293360394
0.841399545364562
-0.153638232067723
-0.92529191991192
0.706939251281516
0.569413308268205
0.370522983562635
0.386005321146014
0.652001869398274
-0.652276872958063
-0.668360420806905
-0.0558634089467582
0.0661234822617784
-0.374601306360929
-0.245535460979914
-1.16949364855344
-0.562923876960154
1.59143218565465
0.765600554655322
0.375800107807227
0.648078799226549
0.98332508887574
-1.40232573402716
-2.27512872548277
-2.79033450390588
-1.20477701981967
0.206906069572541
1.12096261581678
0.976446632373884
-1.72879777157408
-0.922947506063172
-1.68546181202938
-0.222071070563382
1.23650591746936
0.711375613359921
-0.771998918031167
-1.09487526904117
-1.53797185024705
0.339437879801205
-0.070092697236191
0.626862316373417
1.56551177014292
1.48771905896791
0.570975494809868
-0.147694451669681
0.0997186828618988
2.02565845191696
0.248858761704045
2.52449086643633
1.69574902998007
-0.105504116916299
-0.070496794484243
-0.0920927975140055
0.753312190688358
0.82402112689896
0.238677878184667
0.110399661372159
0.296053500941889
0.974934579098756
2.56816021534228
0.930602858526592
1.11514888663566
1.46636870219741
0.318265695942432
1.70971790294028
0.76799266506464
0.820859902661474
1.56863994276155
2.22802731626965
2.9748035650869
2.4169868005745
1.99583736957095
-0.836085182163094
1.37170691704042
2.03040584370965
2.1819555926652
1.68704064039032
1.30545759534657
1.18039406171399
0.0332575583721858
1.40709322813837
2.03895784426581
0.948455055880425
0.368480557405325
0.193574096302757
1.57215104278273
0.633008589388737
0.300947388984345
-0.507892546776993
-0.675833370300371
0.727471462898993
0.0263004625062634
0.0594926075108857
1.13167172826085
-0.546874814312524
-1.12607206348616
0.647111023436623
0.853106495759337
1.33162734294085
3.39493366429503
2.82974662201916
1.68537459230162
0.766565551996768
0.584110209608173
1.38597084220485
1.43919472625661
0.422067284297046
0.790607008741896
-1.00124119491197
-0.817802497221406
-0.573046866158973
0.488143082205408
-1.92381378008356
-0.737003388508358
-0.719149051566093
-2.42952579269401
-1.80241878267387
-0.812813835508717
-1.86958390084155
-0.156436604667886
-0.663580469161103
-0.567582842995917
-1.05589614690636
-1.5626417038131
-1.03366187923621
-1.78549099068351
-1.04150595848941
-0.110109918465607
-0.376572571521364
1.42515742063255
1.23914727408884
-0.759046543928544
-1.04075439139367
-2.76127339686559
-0.939825288596219
-0.78207130096139
-0.971423225422051
-2.27338149425066
-2.15946033266238
-0.321993356460115
-0.194295693442529
-1.24499430294288
-1.96205846939636
-0.677905312433184
-1.43033118388422
-1.05229765651313
-1.23475755342895
-0.55771968868114
-1.57466691943851
-0.213343250578304
0.931546879667836
0.99862693036741
2.50249753239337
1.86850632063479
-1.22695222616691
-0.186077914296642
0.589645738865338
0.0307647392066124
0.928202303175429
1.30509236394847
0.992660330549235
-2.38632710563232
-1.38134116311702
-2.50260067393827
-1.32168661930038
-1.74149094078892
-1.81121682524758
-0.334596702561248
0.321965231071306
-1.46199535381334
-0.429215293840029
0.173969172957732
-0.0633380678393876
0.761454519941711
-1.31941360897099
1.18019570721955
0.719723999980487
2.5375509667617
0.116433597162795
0.475612716328999
-0.833229093663953
-0.770781595445201
1.56819275288026
1.29894395331712
0.394496985937403
-1.71836607840973
-1.54008216108684
-0.914398759143806
-0.181493678546379
0.753244783456736
-1.00429575889208
-1.13881430550462
-0.965251656831105
-0.84761303066681
-0.132798694290835
-0.620918243049915
-2.34217219084623
-1.14449818290972
2.17953243447985
-0.133159953877238
-2.12074730810889
-2.42637497029826
-0.191320027072139
-1.20181694044852
-2.13558665931835
-0.898882029422627
-0.379729496939292
-0.441144813053708
0.630614523750631
2.13287676622029
2.26435078489736
3.19324207787611
0.351204543635123
-0.666114669404796
0.0777787029333124
-1.77171221787998
-0.856917827897326
-1.23854224372173
-1.12708134269521
1.97283431500157
2.33203997476622
0.357561157521256
1.15267743394445
-0.228890003954177
1.62756794701663
1.78371836261604
0.760774095079277
0.519520707585758
-0.760245590732623
-1.19158392153146
-1.77222431971699
-1.37635201664569
-0.00774010805410902
-0.224100493485787
0.52990260371488
-0.976042871606388
-0.52486630097325
0.503608425404004
0.655926575399203
-0.807846632619137
-0.735795039592955
0.69028918049687
0.858282380162382
0.462608933978875
1.22761074461376
1.83898446760676
0.933602898971636
1.38772723620699
2.53140144471525
1.65717436354852
2.12753864253421
1.16227868039784
0.362737480297494
-0.99682389957239
-0.143522401181381
-0.95774628213058
-1.51900830966847
-1.22325680139754
-1.91716757274115
-1.11207842269737
-0.585799897716712
-0.456725294766966
-2.03543137091525
-0.335283223958029
-0.403948486340253
-0.648878950255289
-2.52482008083886
-3.17296256760431
-1.45221765720443
-0.149781485721268
0.225580341769071
1.25025024894106
-0.298828406347678
-0.954077875534886
-0.560605138274261
-2.17966332021483
-0.972316073954358
-2.71521869070665
-1.95612043794823
-1.66575459064983
-0.251295441042312
-0.167196004552827
0.391058121847339
-0.126969880108522
-0.558362425127385
-1.39755318783985
0.677542944285449
-0.063757622295464
-0.0932559519619594
-0.90362226109948
-1.22234017412421
-0.643637949566442
0.343788444070799
-0.183494255795975
1.55622921381396
2.22323992387067
1.83360100081466
1.93182137353612
0.794235931008613
0.289835857301358
2.86636533600442
1.70383126641379
1.6400018737802
1.69524480939169
0.243984851202087
0.692448798109734
1.09638787324946
0.765542640239328
0.991467365347081
-0.322045755598536
-0.325813016322763
0.12707002002738
-0.173095107040579
0.696890843810794
1.52058580121131
1.22354620606275
0.771119346773805
2.45822167979667
2.32081976819998
2.40209965610115
1.48668750963378
0.255107702909669
0.55440547625497
0.253982382463968
-0.229883019694476
-1.03442391137682
-0.336579574196622
-1.78103867578677
-1.89570534887727
-1.46678190240448
-1.37635335802152
-1.21604004952608
-2.0536712767567
-0.681896903760403
-0.91657606219052
-1.63254192696504
-0.422657587809717
0.118341912602317
1.24999581761068
1.10010352073393
1.38734048105161
-0.115796786257255
1.19183977845888
0.394543004376674
0.188318033280106
1.55714648640693
1.4116199638191
1.53338121726839
3.3767105834775
1.28114927567191
0.437168532775373
0.413062326469707
0.38190684813331
0.0542612286037123
-1.32587544399714
-0.910693192914073
0.14679067813947
-0.401994475496719
-0.866980330393066
-0.224945573871683
0.11713938621629
1.35209495371528
-0.00706070099729787
-1.99630480893294
-1.68019653451855
-2.0767956993764
-1.68897859375872
-0.727633825462994
-0.487149966472121
-2.74838268830618
-0.277022032685556
0.773732386477966
-1.01114023345593
-0.337337945183064
