2.45391818397936
2.84073990043908
2.38213840518267
0.213431254627946
-0.469333217340722
0.0236752721910839
0.421020152243498
1.08165290996997
1.00674178986111
2.59833754322794
1.84620294680893
0.947489322219897
-0.401795679226085
-2.36998209335536
-2.75639275015494
-2.3164963026201
-0.120498849892183
0.508375443058126
0.882797915279833
2.04270970846783
1.21294135646524
2.03656670288417
3.04751517562945
4.35996600280452
1.1540008071711
-1.19975357288757
0.39777351014142
1.22765057251067
0.161542446470612
0.645166830047152
-0.159314589751972
-1.11064426596273
-0.797069864701591
0.135036460302174
2.97291598715659
2.57502761285222
1.11227122320075
1.20783904625327
1.0323928582931
-0.243906159481058
1.43050024564371
2.28998358397753
1.41348024244065
1.66195525260419
0.164026265076989
-0.120648880771173
-1.40789273335651
-1.02951649316681
-1.25676525145106
-0.272714823132789
1.35293028172942
2.76912517042995
1.04767269490807
0.115317148762851
0.0286500484804168
-0.0701341581379604
1.31249842072187
0.474120903765931
-1.51603735618209
-0.888183495059522
0.174862018403917
0.574250455938352
0.00179610517374962
0.19978520735986
-0.868903968718497
-0.906524464660056
-1.07189954898897
-1.12105253990633
-1.56726993021109
-1.13364902860027
-0.425379499644126
-0.645878223551993
-1.83102425722946
-0.518513747069119
0.576969995932025
-1.06318643079084
-0.725846869929902
-1.69476245969993
-0.959285566184635
0.0482135096457311
0.776900403148201
0.130078466775404
-1.12625935682999
-0.473772400290894
-0.251944610395696
0.869860326150644
1.00604019371438
-0.462063068994535
-2.25296240443532
-0.83027361999915
0.436417364938674
0.581187525689209
-0.558934156333438
-1.62723704446358
-1.58694598403675
-1.65394135516422
-1.13102750122331
0.31030831689603
1.16688260919482
0.262936167053957
0.022933936604491
1.84098634768907
2.42377402155035
0.4419209402592
-0.886917544082384
-0.800883621836912
-1.49305308145242
-0.397202305384815
-0.252799023721107
0.404004614730852
1.01500582650838
0.208662541285603
0.873945778119796
3.2959100171219
1.73528004033082
0.752571544389335
0.0502317458033594
0.317065532109947
-0.328089480215951
0.224940486541987
0.973285674262657
1.58346499563557
1.20694067802762
0.068402319035606
1.39445693746666
2.56087252286364
1.13328969225701
-1.59103652540168
-0.628141597237715
0.718637485014765
1.58583951854479
1.88864308254558
0.78354841341363
0.718584063804092
0.112582324643893
0.720866402450979
1.81184034143177
2.25311275277754
2.11850175985223
0.63340000657926
-0.443670370651561
-0.150638240716399
-0.207077734850673
1.64915553002341
1.93566711632285
2.49018963441458
0.432599998075779
-0.807969780642474
-1.77366355955259
-0.955892274832062
0.0904448045865052
0.0827672035684715
-1.29409149940862
-1.13471923376894
-0.920430318237775
1.98734591771012
1.45173867662321
0.510223248023554
0.154068117790751
-0.756792466047964
-0.278394496398511
1.1402695029075
-0.950154126193972
-2.22439902221583
-2.59936132543488
-1.72158630792982
-2.02747226674541
-0.804996147793364
0.505534578528771
1.67175246181169
1.91219947466823
0.960478232078097
-1.45605569394188
-1.29166505641808
1.10327765223608
1.45642532030954
1.11508906350031
2.27966007925941
0.75588260001225
-0.650757104902998
-1.04652159789223
-0.177254548357085
-0.740526824482527
1.70037596698671
0.784608521961363
-0.867298230959031
-0.318935926916899
0.770699168972285
3.01652377100689
3.75375205540117
0.826316913977478
-0.621799185466717
2.23367510049994
1.70296460525516
1.29229734565532
0.976945259686693
1.06505279934522
0.551249778069718
0.164275524380153
-1.11886332843628
-0.717314386132928
0.126007685358165
-0.10601827711882
0.0597830752539498
-0.339115776773143
-0.437880446620814
1.04211075381026
0.95719022601272
1.29741149552124
1.95226613030831
1.20619095267357
-0.411653896834096
0.62383362215944
0.188933176954896
-0.114135337451535
-0.166577194276961
-1.5937080911752
-1.66732060064992
-1.36912460283265
1.02593044898159
1.84554352639048
2.0271854036226
1.23690855449085
2.63447957959117
0.817554852088735
-1.79216575956125
-1.97983723141353
-1.81922163609064
1.03070599337094
1.62275985536585
1.34302081835208
1.8093918445274
-1.23626649142876
-2.27508073586098
-1.47200346795978
-1.66319410414694
-2.12292697117067
-1.73357983891579
-0.543314619048162
-1.55516052888062
-2.38254443927096
-2.16438875457481
-1.7324036238933
-1.34575833153918
-0.404699146390959
-0.256813119958142
-0.344437194870593
0.683436383162739
2.19761949290448
3.70861686564702
2.7874914972413
1.72925320810598
3.62309109352907
3.74453519668802
2.76107292728614
1.91613949064364
2.95806851704565
2.15297384930348
0.959610461574373
0.226674088076224
-0.689434846147739
0.408191959870755
1.20675882118609
-0.965245979436285
-0.493543679570435
0.57899352741764
0.620182789505302
0.940951536382676
-0.72734943235011
-1.07131859712372
-0.658685018938427
0.99456149479868
1.19714431842699
0.310783929363125
0.168473363438469
0.812732557526442
0.0843142482203192
-1.68579972938774
-2.75711370583123
-2.65019180300063
-1.63150941369877
-0.834596165722209
1.31129089734141
1.21748893865569
0.808636331829226
0.385368450382828
1.42927645025209
1.04631415992092
1.03251218772862
1.10341365627782
0.372817971142302
0.109184614288355
0.887093301145116
1.50578355869618
0.575862679632776
-0.259949901708453
0.705180291860438
-0.18921322213628
-1.50926929253763
-3.06075166180669
-3.46194722113573
-3.20163950726633
-2.39081292079453
-1.29676453088635
-0.867903893240714
-0.958056548753733
-2.15830050754966
-1.42734662414702
1.05941853597876
0.0371820339466693
-0.217415600932203
-0.612338981465014
-1.22796432537608
-1.05021158823279
-1.07811975167348
0.709812528453501
0.280436645549815
-0.767344647754583
-0.597017062019165
1.82719772393118
1.7072560231665
1.72659685429163
1.10551570082348
1.45115532237644
0.675978969217233
1.14928924970702
-0.443454500833511
-0.529251254499959
0.852884731843497
0.530590706652669
-0.23902093117059
-0.468857016648837
1.254717851874
1.85227310316396
0.347478165489076
-0.768517834481294
0.787766209939239
1.54391463929243
2.11529099787857
0.226250522778351
-0.53293956129698
0.426148206318352
-1.06966161340516
-2.4666053223026
-1.7596568412539
-0.634335775695908
0.15868984559163
-0.0233570849694768
-0.0610736421546815
-1.83113049260202
-2.92559785769235
-2.56652138471708
-1.89597735850776
-1.07386557425715
-1.04525066108217
-0.82392873068978
-2.35867225659355
-3.62913474416333
-0.981787891554407
1.93291141306394
1.28900915849134
0.731878102452323
-1.22857802492714
0.373278922752728
0.950894131227246
2.76500504244732
2.51218366846661
1.59330070090959
2.58769959340539
0.977630329321803
2.30005533068208
2.8953156519666
1.08698434177731
1.57399278909599
0.538935110494352
-0.918513455999094
-2.05842556861614
-0.808074551591079
-1.3839833351661
-0.145203717078797
0.950242672646642
2.54380365504053
1.77539275852802
-1.20548190800997
-2.6097497250085
-2.75001945731454
-1.9139011316229
-1.97908432474406
-1.53295050078278
-1.46913838439202
-1.27671871405836
-1.55133363269404
-0.521931710755456
-0.384375913328778
-1.80472163028682
-2.53862244181204
-0.624691948054372
0.173827986401139
-0.329118825370705
-1.31827165822079
-1.83714018157327
-2.73051030715054
-2.64514175656727
-2.90582202314795
-0.495911121036156
0.438218131796379
0.435497723291113
0.0576880197594181
-0.640143132208199
-2.00725508540274
-1.62563545708857
-0.888128675858254
0.0622937451265649
1.17487932743004
0.503718080293232
-0.606471276678516
-1.64619474616424
-2.45892963256183
-2.32416192922909
0.299304643633099
1.1341892368437
-0.682864057097784
0.808986513219525
0.632522926882269
1.30922270947308
2.00295346449087
1.94014480595149
0.741499245829343
0.719006907101883
0.370036419572808
1.25430256906816
1.83921045440803
1.59753337752334
2.14417676388031
1.05413001828879
-1.28461936651273
-0.615350505969063
0.587672630277296
-1.47386593839422
-0.585621656453832
-0.735261081707668
-1.07286806494803
0.8320991451752
2.0817488347043
2.24322928400929
2.5491270731318
2.58549014466888
0.977124728140804
-0.0986532567544034
-0.536874534573652
-2.44769803861152
-3.44023181723251
-2.6484674902555
-0.113309537502091
1.92205437930612
2.06413678077563
1.68367435541445
0.286651259269683
-0.772603046386204
-1.89555849282261
-0.61985605447943
0.784878881161014
0.492023970024367
1.68115105551486
1.14650057474198
1.63831351052684
2.02103319285059
1.12108351075746
-1.67065614291517
-1.5564525731151
-0.80146940656314
-0.760697986249699
-0.077269348600356
-0.603037581082216
-0.991480168688994
-2.21490111498974
-2.64261651437219
-1.39062336601336
0.229515608935538
0.96294287288344
0.939607043220648
1.65042739092183
1.77242604597112
2.01486072247987
0.475783229816628
-1.59833305042578
0.449543792857284
1.89167838440656
0.461779864960655
-1.44815906027449
-1.08049154201825
-0.0514517784992192
-0.401019317694447
-2.25380542072552
-2.91273537258964
-0.780016182004927
0.272748064490946
0.0715503279628658
1.17003067080383
2.05596221720814
2.75538553697904
2.30845670715765
0.477094347790238
-1.32337449374751
-3.28993127175926
-3.48538214459258
-2.37794651433199
-1.87480351868893
-1.68755632989382
-1.03467792917671
-1.24028854533342
-1.10818282329217
-0.375862761825701
-0.288201574919698
-0.449302271448176
-0.317606625845323
-0.570020887792156
1.00500718996323
1.68230006678158
1.36648276238506
-0.336530391775266
-1.15522289609749
0.279319765207212
1.20166780647782
1.70238969638547
-0.442053314399082
-0.525816623524609
-0.878521234227265
-0.457613935662177
0.289923014249237
-0.773741167421411
-2.24654459993568
-1.85399240195882
-2.34221359418936
-1.16624715090526
0.372909999596208
-0.0294627671311213
0.195499816137928
-0.320882632226942
0.58793997584839
-0.143219286397997
-0.806136911331572
-1.27368552166475
-0.334770298123238
0.0208178265907656
0.367267377528655
-0.080498742838152
-2.01263683626239
-1.00226618783961
-0.700794270610802
-0.00215234590223645
2.610400993792
1.75583800041332
-0.94212912079801
-1.44900739849429
-1.4663418237702
-3.12353688700377
-1.83111059930855
-2.23357849639991
-1.70105628081724
0.106897084307386
1.62941836724387
2.13388355644242
1.01489080573321
1.41665339112698
1.43529095306105
-0.13823662686787
-0.81812940573392
-1.1716988062343
-0.192032388679928
1.05940863751906
1.81949802053375
0.528497437546439
-0.873588307525005
0.458770754470549
-1.27283312188669
-2.17468988085468
0.521475098957541
0.797814126439587
0.642877290966788
1.23456567028861
2.44814543724046
1.49489837960319
-0.0176732524731052
-0.367618769422665
0.0382156054429089
-1.02522978592499
-0.12480295761657
-1.04562205804365
-3.80543036527716
-1.33106118293112
0.731220549659095
1.74347490669073
1.10554936693379
0.789473835464382
-0.612509806036921
-0.717111633249559
1.53637611133286
2.0126286471894
1.14677395570368
0.824790273859544
0.092783230993413
0.774982861267964
1.28703594421956
-0.732484257885032
0.351887355125077
0.627467534192218
-0.859949069516205
-1.36785248667424
-2.13496216473497
-2.20899867273518
-0.194093036221724
2.06680503923135
2.27292796961708
0.725393566239006
0.0382469441739082
1.32615150601292
1.11193647082508
0.171919624065981
3.23188467073777
3.45212712134574
2.27502589686541
1.27610039396198
1.63388305032146
0.804234755483292
-2.15211881271641
-3.16413565740476
-0.390831796948094
1.94132715540334
-0.397337059875197
-2.98752033725177
-2.01205973235059
-2.2526220283679
-1.44373108100523
0.327233922155308
0.884565680801855
-0.123214529347431
0.714088159271143
0.276507737917501
-0.159096393768362
-0.574902244558896
1.35694010739
2.07682224938975
0.820776887587041
1.37061976049389
1.02005310945369
1.41145284999981
0.856376396050187
0.984831640494016
1.6242332725069
1.43717938558825
0.930202222534192
0.93138514351411
2.62686649554416
1.72711579825832
1.24693935072939
0.581072699339365
-0.578718746521971
-0.798513696061312
0.152170881191647
0.196962468139849
-0.437067519131709
0.193753196429476
0.261541849474688
1.200130513416
1.17146008631537
0.0905069682296202
1.03028573199824
1.067956308801
1.89918341368532
2.68482135959416
3.00247178239892
1.29264960224231
-0.698784283205547
-0.724844137668245
1.08851015119244
0.841330597214577
-1.12863703754294
-1.70338704326802
-1.01085438861238
-1.81247340663576
-2.14311308188627
-0.510423362641906
0.113007258322053
2.33777818752177
1.8635655698749
-0.125651160635276
-2.45444173924924
-2.8673647888467
-2.45744085076138
-2.82703667216457
-3.16470810835344
-1.16204644287478
-0.513734097382548
-0.228677846840288
-0.467502489960469
1.3961397010809
0.229352685452077
-1.61101603690304
-0.886329043695741
-1.10358987944467
-2.11541133129248
-3.46625218781308
-1.33363724339951
0.684175856914597
-0.653216710971808
-1.60661896483526
-2.83783798084047
-1.08505439516546
-0.591490967881824
0.640081125318171
1.11407660343644
1.68440063284244
1.2565934354274
0.507818260575541
1.17967103332885
1.11187660626401
0.898695333982907
0.723829010959822
0.347074894676374
0.136508014175335
0.661629155387891
0.905642836922257
0.772988230972702
0.585360770647514
-2.24407571284473
-2.43984356887559
-2.11089284630196
-0.393989280638403
-0.377187084097095
0.46297244138976
0.702819092451788
-0.108149966156626
-0.00870187748300094
-1.16231588867771
-0.86163945131422
0.878460953503631
1.30552417182593
-0.0149574891768135
-0.253301901059074
-0.366730245669817
-1.69557310934401
-1.66570627680668
0.0344049232106636
0.1764425269768
-1.23996400567471
-0.0855970297388287
1.84761947111521
1.40738578995301
-0.23882546090043
-0.442547978084972
-0.823325054510674
-2.62909337561538
-1.80674106520734
-0.863671077279154
-1.06189165172801
-1.82808410270881
-1.28818498565261
1.05755523318144
2.77103284590667
2.37105838701391
-0.232202907334369
0.904741362354491
1.01092654766226
0.148912396315843
0.864236044296283
2.04976815564149
2.98832342572499
0.632472946166125
-0.169319590216498
1.33870011256518
3.00694862163351
2.99140828041695
1.01746272707238
1.28284557475268
1.68378062389849
0.308055776599085
0.341652006918681
0.75236039113706
-0.979634445258604
-0.486621521541481
-0.22976061193817
-0.261332076339539
1.22983072198
0.576794422323415
0.218898411716289
0.931059567614704
-1.81063610397097
-1.7079638078988
-0.898645440066086
-3.01064307128412
-2.46786872106173
-0.456313863153632
-1.18044391515194
-1.00149476220606
-2.60628527085536
-1.71517532723613
-2.01565034762893
-1.77088912280729
-3.00312825485905
-1.82290986166724
0.249710964993265
-0.463961094772679
-1.52468427460018
-2.24943545084331
-0.917046883308124
0.575456238255679
0.634174146612602
1.60804811797495
3.97208736392928
3.47554540795682
4.10173802743476
3.03211628145611
3.35789009990558
2.16283894854141
1.12900037388097
0.333702777763455
-3.07804021676887
-2.92489443937048
-1.3582673182947
0.908526088105004
0.22147761121207
-0.227044198725631
0.305414526180158
-0.129299772576139
-0.670339119599731
-1.67707136893203
0.566206371136023
0.386073541894471
-0.072267578939636
0.479380333937391
-1.27335250200274
-2.03722686339035
-0.563598687146393
-0.724817677679954
0.611750312953508
2.03517498233626
0.432668948213355
-2.39600045876766
-2.95220263946875
-2.25109602895701
-1.24248552736435
0.389179809285043
1.28902203847135
-1.28011385753061
-1.4217601730222
0.789539450516288
0.707023249577082
0.79994963984782
3.2194129485557
2.91859757752998
2.53694239824738
3.63911558547229
3.40131550597817
0.2617983667639
0.724656066206378
0.502479899386318
-0.256512206315236
-0.299199595626659
1.92155762968431
2.39796158271129
-1.08878558664813
-1.57781201782716
-0.279291724848298
0.140216264634525
0.731116685990812
2.04956789332676
0.525161486153859
-0.363079350861744
-0.58123685184594
-0.644579630654985
-1.00825965901676
-0.651229224854551
-0.39655988782039
-0.530775930361899
-2.78970397723572
-3.35586568598884
-3.92712364925998
-2.12994417613558
-0.952534874414567
-0.220616598362984
-0.470757755867678
0.83712407328529
0.163141896837541
-0.478387219455863
-0.605155976799516
0.208486298920852
1.58554707427501
0.325134535600323
-1.13491886376614
-1.5162970754222
-2.58499890992283
-1.23644853358385
-0.859950314051698
-1.53015437190553
-1.47337156903996
-0.220787315140844
-1.01325073420951
-1.60720395523652
-1.17194444362927
-0.175398014352277
-0.491598985483435
-0.566929378207098
0.408960961048562
-0.0792938285767022
1.30141097226014
3.08624634514355
0.339184144623073
0.151039084390231
-0.103714618020386
1.40781057209403
0.784997669235019
0.360238563281309
1.9830888059555
0.244041765954086
0.117962679839494
1.58025280935428
2.59830243340557
0.975569187863854
1.75297377214335
1.63672029024171
-0.1111414436194
-0.700575468808313
0.0746739903162695
1.03461481189232
2.42742506676882
0.552352353638099
0.794495215302732
1.99259356351574
1.43765684141904
0.689836151310342
0.717496979734399
0.639702620896728
-0.615876402102955
-1.28913238608215
1.51032071668145
1.05194553836382
-1.2207724344068
-1.82681007734678
-1.02803186676931
-1.4494968531237
-1.96454270825469
-0.320569807124591
-1.00286194315631
0.863522865174145
0.325308616091683
0.283635381819464
-0.339390907296666
0.858018075244973
0.987808889114334
0.230235716927252
-0.121504394601478
-0.253758234016708
-0.302336995664622
0.735481143130022
2.28255211504625
0.894083849848379
0.53384401180947
-1.14909674863015
-0.0495177053669184
1.02825640949594
1.63920613601525
2.27195631271908
1.73071577633046
1.25410921196002
2.19476573339891
3.23882950290204
2.97449237391986
2.37754896815705
0.684840098218023
0.516450967327114
-0.0957224131210242
-1.01025743092482
-2.15276930712936
-0.911779638555219
1.81537637351261
2.57788500839786
1.82952913653391
2.7693121982678
2.22415674882187
1.4391307943657
0.821896040139638
0.169102909842711
1.45531259160569
2.35714025109313
3.55627888010469
2.63216986830727
2.20508594621914
2.5656638938316
1.72470071483042
-0.69854782559035
-2.17095096795956
-0.732441080553457
-0.898997565301382
-0.93800600111382
-0.254529081940192
0.603876663863005
-0.155369299432813
-0.0331521284465697
-2.0021547367755
