1.86550993482245
0.555348933851523
0.91931173796852
0.668667643585022
1.24758557369446
0.618232155277729
0.680216001748658
-0.0273641643263253
0.265825112327911
-0.950015007506316
0.588717737165489
0.460761840097595
-0.51598723395285
1.8993571279764
1.82873984752615
2.52113677099624
1.28079410456698
1.60115501002625
1.04462654303541
-0.0251287872368269
1.41093663693862
1.11359526919548
-0.430449979178796
1.4017991948267
1.2397444331021
1.39618672022213
-0.156597253285891
0.842681817192388
2.0188997479419
1.21027148530553
1.34800865467538
-0.731931666754803
1.55492476373906
0.444913892119926
0.958049195273783
1.06041881724814
-0.597513782594838
-0.332915155995889
-1.19525373550473
-0.971696089549182
-1.1432236969402
-0.840617183885413
-0.806657821763362
-0.701022341061619
-0.42093653840366
-1.08014243538645
-0.805711566017024
0.160720466306014
2.45786230359866
2.67504252081267
1.46172122030242
0.745661260706658
0.242862082469054
1.32434571007088
-0.84467035905891
-0.0367097813271558
0.544345755743054
-0.313432532794505
0.656636435914505
-1.00754720787476
-1.2001261719957
-2.70179956728232
-0.348901964928339
0.145267187823612
0.728182866757906
2.46791655663747
0.340220513890086
1.19934866180934
1.19417503840272
2.33770535897785
1.61493467415107
1.54577959737522
0.249600715177472
0.825696161930418
-0.0158379459677896
1.99019733748774
1.57257366513358
-0.645867733618206
0.402670508718425
-0.404559246526437
0.289159113348709
0.42090521609796
1.03502973130129
0.0230911115618043
0.989430028639399
0.951214187330753
1.9858812205372
2.65446313905006
0.188801706361149
0.255445607497419
1.74824710037633
-0.488303391425577
0.510955321603945
-0.998882332581152
0.136649947295606
-0.877922589021262
0.32895195565262
-1.26841903294945
-1.12467416897367
-1.44138972432981
0.00972084903090542
-1.4695664853306
0.679613701956135
-0.386681446257062
-0.358761988196851
-1.98901498106458
0.107720366856667
-0.639178803205206
-0.0561560332284439
0.720796192597743
-0.405295407087389
1.50054477442617
0.781606923051528
0.624978469567331
0.117092841142522
-0.201125877891635
0.327506015814136
0.753640893834152
-0.462239339856092
-0.738919583578332
-1.79549234696065
0.343683183422753
0.602023419809538
0.575395388130149
0.390352304189321
1.8710577593119
0.5824657603026
1.15989193283917
-0.167286535170745
-0.156414135506548
-0.0872700441453177
-1.78247174192335
-2.44691230214454
-2.12780295510058
-0.913706901918826
-0.192344436010344
0.193343002805038
1.55937314699347
2.46978980405191
1.81440222403253
0.739663895185155
-0.673054659202883
2.24338683770051
1.75003259143319
3.54904496913384
1.39028841770556
0.468362273703133
1.73787116883812
2.53293305352409
1.73493878835568
0.844442210691527
-0.78012869761445
0.47467878656228
-0.121194235211482
-0.28743489617529
-0.0537645160068922
0.964651321342657
1.37821449858492
1.24288751298164
0.526653261535624
1.28363310356814
0.708139053594503
-0.364951889766381
0.0642074973908754
-0.181964634037985
1.50782637349609
0.668652461927135
0.87194611622815
-0.691508793821626
1.2463358347239
1.51661151185105
0.0816074994263717
0.286237020910591
-0.642703594305717
-0.877161875029642
0.292816348170093
-0.67725057838803
1.03040069829647
-1.99195259336529
0.464188188523653
0.202834402186185
2.81007446331452
-0.188358320914951
0.273183757735004
-1.326761133422
-2.96383908830142
-2.69784418832064
-1.38920155479587
-0.415348464340023
0.436774373244128
1.08007587615097
2.11970917170678
1.80509765266187
1.95250268182427
1.31811569884621
1.96108190881572
2.90979099055892
1.45319571062238
0.262567802764461
-0.327037144342441
-0.505249233215086
0.382936928038177
-0.99063726935707
-0.926388646343856
-0.503232362050615
0.247118036986159
0.285062448358959
0.520761496599531
-0.176646243244621
0.138721969447681
1.80340816171049
1.76794402910064
-0.225110734543933
0.979722379621096
0.244991042027607
0.198557061972647
0.668865806702146
0.0598311038367972
-1.05645101420969
-2.99215293110738
-2.35022208608339
-1.91525008128804
-0.754885345852061
0.452540704119011
1.06273828293238
1.6162478407355
-0.117596152868497
-1.72090765752388
-0.685612055731619
0.871786672557254
0.306401717499943
1.27390858117261
1.07858527296716
1.20490447586863
-0.00368649628954579
0.66416113103356
1.99137516375815
2.61486613122485
2.69620210217166
3.7425004123049
1.98862557990793
1.45523603322145
2.04628912126117
2.56389456574187
1.84812261619777
1.94370739643213
0.412892906923461
0.280336776061335
-1.37026784833532
-0.409145943748655
-1.13804182210892
0.703765940415177
-2.58475809974642
-1.05604236665087
-3.05884884815161
-2.47132313829251
-0.632002209311807
1.59439504572785
0.577771699634449
1.16291349752312
0.700828927187139
0.269398361692639
-0.212472192465994
-1.05668017822635
-0.935075434661234
-0.14498487725021
-0.239287899360466
-0.356117878391461
0.791581603975725
-0.619412072555602
0.97897965579935
0.42736691887318
0.563875505897054
0.259900005954654
1.94509596044744
1.84487232905205
1.481835830928
1.03999512872843
2.08077852463474
-0.201105123120818
1.65173867745278
-0.0947075321358557
0.525187657513484
-0.80564239511288
-1.23556424144038
-0.666261469549579
-0.390379195188582
0.168690937986524
0.967958572271207
0.0306357095506447
-1.2632437425768
-0.958054603274872
0.485408025167956
-0.937984521197797
0.841825683735854
1.24639930870702
0.624120778235662
-0.0500576265578325
-0.870068215574058
-1.74425361052775
-1.1615639758452
-1.55988786553508
0.804721982535491
-1.53292602192573
0.574908604811686
0.691034300909916
0.501796819698943
1.34194721862811
0.463829271669559
2.30464161557939
2.23466786857307
1.25352176640412
0.846450553689757
-0.647650515291043
-2.53311673539805
-1.43870275126166
-0.994968578060734
0.647754982879167
0.687922914760369
-0.141118844160325
1.34200922154175
0.29679393465993
-0.50618159428101
0.0988165840119868
-0.998381463417725
0.34244950224608
1.2690118614131
2.82361778465395
3.39966044579944
1.78411215157289
1.83974541739364
2.06573949657291
0.828517172011879
0.645796546957207
1.64771466552271
1.03154606530376
1.11014803419767
0.787472873878067
0.694162508115744
1.63794295611786
0.726388240149014
0.890418812898312
1.62791341522068
-0.294013067251862
-0.183673084388996
-0.604670513743513
2.50233434298478
2.69616591402479
3.29292730606522
2.02721788893189
2.86214437866766
0.958300264643393
2.54016984261157
2.30644499397988
1.70099233279279
1.41214600644986
-0.362129035211776
-0.546718783667437
-0.692624883287112
-0.205562460758053
0.57573992418484
-0.269698975170404
-0.351465555467735
-1.64948976324483
-0.875437244437925
-1.18704377178577
-1.8893522920306
-1.10228899426237
-0.710158591525591
-1.38703721564233
-0.192882123266414
-0.771058885767055
0.621246494387985
-0.038662569627933
-0.138930611468103
0.185979236218991
1.46548814444987
1.248688427386
2.27863153047946
2.26049334921672
2.73414183933996
-0.0192145290276571
0.243496794501744
1.61122951528936
0.968179672912546
-0.558762713971593
-1.19013600550673
0.275775636052362
0.341938429497871
0.185536619894402
0.352867377176246
-1.27377803001266
-1.93348351274504
-2.30617793424268
-2.01214707998483
-0.368719010001912
-0.0774651943326202
-0.309391525870246
-0.429143442201829
1.07354489263005
2.46400461251103
0.709938351295683
-0.32745446202416
-2.20720254539403
-2.26426074664937
-1.79971496512976
-0.352043827754661
-0.399573453876515
-0.730030409391502
-0.752591667056488
-2.06162328769088
-2.63472351643593
-0.755809049321472
-1.43953447116892
-0.867669439398314
-0.7991447070552
0.563716067433247
-0.379941194688088
-0.325931456670196
-0.433012746619938
0.397264337029477
1.52772768876147
1.27836006606971
0.252048502499015
0.482760657933207
1.02690903763209
-0.135063153680911
0.422639431250831
1.19159230728835
-0.216270690735361
-0.155982004430663
-0.0833655279415994
0.38422922454336
0.269564083759252
0.493264655498105
-0.707719372750726
0.926506734733548
-0.0493739461338067
1.20238669954725
0.473677046242161
1.61323648833237
1.45352077847226
2.11551317140989
0.131467059979195
-0.814096170872931
-0.0823958935997439
-0.890197772590922
-1.49867732258516
-1.64785406410169
-0.964835038443686
-0.0601015117504478
0.456536573307608
0.736865208822758
1.55672844255204
1.61698840162944
0.896820334598366
0.777670592342343
-1.27800142323063
-0.278388241574913
-0.546688929721878
1.08653651804607
-0.372762141506462
0.80347024243191
0.937703889769444
2.81449226899094
1.05164972804743
1.31451011597545
1.64642465299615
1.90518622582596
1.83845341140037
1.03079325402004
-0.228215443016031
1.11866253203143
-1.01061390540072
-0.545432134677558
-1.53257018850251
-0.438906671263214
-0.369737880206468
1.17517068075836
-0.162806255144821
0.618011420340006
0.323833343858457
-0.698305685366651
0.415218641749246
0.502370451092052
1.11971361265263
1.44592049377921
0.670777448183002
2.03215463223831
3.20953070711907
2.79975436915135
1.95335392942739
0.143259036123113
0.0142704229346394
-0.425783939972595
-0.312434699876712
-0.552758786014304
0.223477398154668
0.00874713913635545
1.04451184677272
0.488225386667643
0.522295149478052
1.06078753614024
0.0718840952039436
-0.222052206041231
-1.44090615527263
-0.654137304391208
1.09086706697785
1.30904350609415
2.15270378995578
0.904195290464262
1.54050798373659
0.525988289743606
-0.6836163085553
-0.286849462509306
0.155785717160829
-0.0202999182383345
-0.483653253967132
1.00731290184073
-0.675833842854914
0.592131955493766
-0.291744852001265
1.82853638285361
1.60285890091591
1.3510178495464
0.0760573863196212
-0.501828598166581
-0.52700102201222
1.88822041772427
2.05031885051033
1.93528186416965
1.28334749186736
2.20736093550342
1.40068232542447
0.547540238123365
0.502700737755194
1.96453079907893
-0.69013743297202
1.08833179301538
1.38757654327575
2.32186872975259
1.84261465821839
2.09788083898171
1.1861128832063
0.272510185554124
0.891682443174812
0.349801892871022
-1.28266880030583
-0.266594528750912
0.199032759130415
0.833785553290791
-0.728245432786419
-1.18602954258017
-0.0589881526957007
-0.130511262627948
1.46500132811433
1.45532791870655
1.88414941325982
1.04692111555422
-0.73872114791129
-0.573740940856309
0.100977710763778
0.0318922765707946
0.771541975742384
0.278701100357877
2.5155931788047
1.45701546529361
1.36907449203204
-0.079297348903946
-0.40117240507206
-1.71867236761726
-1.69622613210746
1.60145285399826
2.35068294891494
1.69240894068864
2.3042759804117
0.911217920024389
0.385335238742671
0.441163513841508
1.96444866728907
1.8579806223337
-0.110639787566137
-1.01222986221882
-1.39876733901529
-1.73136430214239
-0.365708900081745
0.997217821187593
0.379003193934799
1.07572028694875
-1.93594292967389
-1.51935197234828
-0.854741384261611
-0.697535403034382
-0.329834454642813
-1.79192185180044
0.872146314179651
-1.44010336855127
-2.1770732825221
-0.0801600533909073
-0.705010737972648
-1.37203462400807
-1.12079526269627
-1.46388253405435
-2.69030599124351
-1.55685549985849
-1.96539255253538
-1.57336748774143
-2.56993113489176
-2.56251995655709
-0.351384764301909
-0.659135760108162
-0.415883078007072
0.0125762718581923
-0.0928832959374496
0.00976252722548403
0.280787861925203
0.996892469207018
1.75859958101257
1.65445849452012
1.10965435918644
3.38478786232287
-1.27161025733673
-1.35760862718362
-2.55860923708553
-1.59273332426699
-2.22173774368185
-2.7045092088545
-2.28942695056719
-2.42525243494122
-2.74393205263704
-2.61922521580089
-2.03135707182631
0.145502907705596
0.00558211964379809
0.234691652485119
0.514856154210005
0.74732503710816
1.2342294315364
-1.04313717199681
0.333509334314064
-1.64712979382137
-0.74664036110773
0.357560705536067
0.333894425402742
0.191642828403499
-0.685183510845619
0.182745671190334
-0.772145736427477
1.05605205264379
-0.620909692488752
-0.583393211166939
-0.732153570616059
-0.702887966549188
0.534979902803468
-1.04326881936852
-0.0594132075685301
-1.45567806248965
-1.11887869112754
-0.465142524068146
0.162824808488806
-0.584398884291921
-1.21420480755018
-0.949712135037222
-2.31661061131075
-1.75123407592438
-3.32819703076728
-0.350105242536817
-0.550774925969203
0.184591767855585
-0.347312899253768
-0.369165094926394
-0.626249781468842
-1.18376166796065
-2.22848331446797
-1.67604724314826
-1.25437823338003
-0.499220760264527
2.07223200994189
2.21982865646316
2.00679213563903
-1.04881604818142
0.729015638911428
-1.46859774753576
0.127599508977029
-1.12551317572902
0.808789985255717
-0.450336776738024
-0.395016352786889
-0.935828681504133
-2.3972432102673
-1.70051767539521
-1.14304847601203
-0.98403880175675
-0.0483721221151142
-1.37529026359348
-0.606651914731825
-1.15082335854352
0.360230593532124
1.44119036412185
0.531805882734719
0.498851198173585
-0.0884376553431091
0.18998961976714
-0.589351607432025
-0.0580917331183454
0.680904219344944
0.810427590850536
2.87510759963497
1.60135068671065
0.53169256832149
-1.94875339553056
-1.63329888891298
-2.04627094189448
0.707373053696836
1.73314340750993
3.74434445739502
1.42115944818903
0.79232461079021
0.83588081485531
0.568853325130116
0.822114223698118
-0.559120140907047
0.33755920224297
-0.477983117438159
-0.361270513183292
0.0947740682037015
0.640942920665464
0.728167992753753
1.32198398138727
1.84284826476211
1.0699696209029
2.41843695483935
2.31480018652915
1.07331893698968
-0.30612046910417
-0.67864387517865
-1.50539371154282
-0.839214562035546
0.28581251415179
1.73791422745845
1.78559703855233
2.88536619876395
0.33638239261735
-0.536821995602861
-0.784266299409464
0.55673271204109
-0.481119521961192
1.11188305161043
0.667507449685957
0.825321272473403
0.255954837744985
-0.09193186365902
0.318009280319295
-0.572887554243292
0.377254103645124
0.711272819006288
1.53433749828379
1.09470970126523
0.73472436677313
1.5364798332761
1.43598730412065
1.73465272886277
1.5398926478979
0.721032696311815
0.397932125217179
-0.503960100383738
0.0388735100330718
0.917481670802382
1.40425418393313
0.315668458819141
0.651791906610762
0.93707823298356
0.877056021566551
2.47555587363953
1.85916609069037
-0.171712245494317
1.47423009944646
-0.238651300736632
0.313389378513431
-0.752070222213255
-1.00909830020394
-0.94365786425289
0.591569308485046
1.05422652739258
0.951939654898147
-0.0858622859543322
0.98495901419258
-0.144424498949811
1.65376180532378
0.549390481975902
0.861615810945963
-0.898735669816486
1.52590346008967
1.63657143768728
1.0868030967081
0.613448291809879
0.33561308187567
-0.133780524815834
-0.499837638212925
-0.19650006570908
1.56580376420222
0.175179921833028
0.577743981719043
-0.513965802584056
-0.376674562300491
-0.0869306335226518
-0.413954069699308
0.292931837202582
1.973944256535
1.6122106473313
1.29566434055956
2.75555291646937
-0.547870207688037
-0.492456169182061
-0.901027560308401
0.612116339076975
-1.52793595106143
-1.4312364127621
-2.50261038299749
-0.667873620268707
-0.901863219722377
0.123849019184695
1.41769103063477
0.23668628122668
1.08983793994128
0.233626181590001
0.645772875855019
-0.860384617353346
-0.132982143375477
-0.318629604734095
-0.293446442917492
0.626066610706786
0.0300803114656122
1.19821132431123
2.17714681806312
1.93006533582003
3.60978025702092
1.27282390876075
1.00348218981673
-0.816919052360374
0.465693339251145
-0.0632860739523168
0.12814381400141
0.453483064088276
0.771005251484924
1.87443919612239
1.08342000300489
0.316575202191084
0.236887855645904
1.19388594840428
1.42458609611443
0.0596764891400896
0.673072442947675
-0.924716071848151
-1.54048669266863
-0.154774705750172
1.66232720982971
1.7569107130032
0.131715364812206
-0.0190818652890478
0.548457110613299
-1.31751446077646
-1.57318601261576
-0.868124161377517
-0.80956506809909
-0.458011323036645
-0.678491664458732
-1.17307511695546
-0.553886468030476
-0.960481624652009
0.772481100772433
0.721884624861026
0.89784213606228
2.25678871453804
1.18236682472453
1.3895349170773
-0.528134337493104
-0.517085662422145
-0.391206760805614
-1.04387809473725
-1.78605402668318
-0.633949269237651
0.116082833126286
-0.161934259370548
-0.159312599405499
0.337714492450959
-1.12439218358141
-1.87904033053091
-0.838637778671497
-0.214584075678995
-1.64866112410652
1.42738697763464
1.51758855239536
0.997439543133704
-1.61488044236214
-1.48932939710249
-0.69299810576082
0.963699435971308
1.26676588739155
-0.704018442035361
-1.44090140686176
-2.55639732494004
-2.08410488265667
0.343266883371211
0.236289718086318
0.311574881553216
-0.0862467785272796
0.77931557094772
0.0313766975792881
0.0892187561718263
-0.530529915822295
-1.39397280489234
-0.825407715042453
-1.43909022333827
-1.99412937071634
1.23145225498781
0.26989467845187
1.06804010713814
0.0289807966635079
-0.437941073675216
-0.958452093457055
1.78748928587794
0.158715391073702
1.53518886042295
-0.122272659312181
0.431950347443648
1.4337403394584
1.37828355397725
0.687171767111161
0.472290723674433
-0.245776723921698
-0.9744585409921
0.295816145041418
-0.73592234285433
1.73797370447968
1.0596305580473
0.254542901645138
-1.08646819734257
-0.383271769960493
-1.04090848863033
-0.08649476433177
-1.32275159726994
1.04592914968561
0.417522528573957
-0.573637366764474
0.00268208872556347
-0.767197086525648
-1.499902359934
-1.90519025235809
-0.736182202698641
-0.317264201860878
0.236283415438194
-0.051794753965881
0.735084213599442
1.97368111410106
1.23416685139466
0.720367478958671
-0.77595263239409
-0.272051324414888
-1.53680576301897
-1.67833012933749
-1.85650289507997
-1.2438851734734
-1.3010304693546
-1.32218175890096
-2.02208089205589
-0.84113894786927
-1.87471081790962
-1.9586145249699
-1.52598865035735
-2.37883690472252
-1.2911376543396
-1.99106524635039
0.554717993617295
0.228094848522452
0.15924058154681
-0.0512520380293386
0.133316388168136
-2.63793653377942
0.0886937813267123
-0.85483842592257
1.37294765438441
1.490663878163
3.02283468005112
0.738759210022477
1.93899604691533
1.16535691048256
1.33514881513948
-0.0499272600979628
0.859541478076152
0.494711733939753
0.158349038667079
-0.000728431760116385
-1.37150406196156
-0.686122370526902
-0.120727380395921
-0.308005546196171
1.33999708596986
0.689219782617678
0.0791252341289756
