0.487230208965065
1.02937705777597
0.360662239559341
0.567668961353266
-0.466609317346983
1.04931941885442
-0.723697205102227
-0.893838448382603
-0.53249451309315
-1.06750448376106
-0.516712269378974
-0.9551443873348
-2.58215223860286
-1.55349368221417
0.193347299709698
0.00258027497820499
-1.54354184123204
-0.1578032574556
-1.23440041137928
-0.326369571700098
-0.0771106973997006
0.408309720237331
0.760800169036768
1.2726179205822
0.929418532750522
1.37043690906352
-1.35961569276046
0.160036728782573
-0.319407184600348
-0.145150648542218
0.927185095722842
-1.11734873573181
-0.388216994712113
0.500534432329424
1.05311175505546
-1.77592970773115
-1.68808190320574
-1.74965967199984
-0.453584728287436
0.553737981379706
-0.369281412662488
-0.612700034343198
-1.75471526965319
-2.12183328363899
-1.25609773128657
0.118730334930261
-1.1879132452396
-0.026387051380208
-0.834385497487584
-0.400290787697455
1.0593361453737
1.8304660439964
0.473393320619214
-0.246143081208837
-1.56295660037118
-1.53359644729
-0.540028691259046
0.294332976506584
0.601916483509219
-0.391172793664551
-0.174788847260966
-0.0654156560618837
-0.111742986285696
1.45392753275636
2.50908449920246
2.39186461912751
0.985903240385044
-1.54644460731705
-2.04705831517057
-0.622858623728258
-1.37405608067175
-0.657261626790471
-0.206660897522705
1.7748540685451
2.19977576258042
0.482059987869633
-0.552675703986122
-2.05789432597596
-0.665296943931984
-0.0529770993224288
1.33376879240756
1.52864108668747
2.22837050465865
2.4597457325186
1.10129957677905
-0.040903052372004
-0.840740357317243
-0.186256800520165
-0.761798223709586
-0.910601716910688
0.958341289086892
1.19445467583457
-0.306823771602485
-0.068300236992314
-0.532278630921036
1.79614027467431
2.35163665654395
1.804076586313
0.534742579412448
0.179041868109199
-2.10369560825219
-1.75286217244752
1.02011171039309
0.243900538571734
-0.143949131837357
-0.214188231851771
1.49089179409587
1.69659394377937
-0.0320550711509492
-0.871787311359736
-1.28102138394076
-1.22450333212642
0.436400585644708
-0.236359468198422
-1.04180710650311
-2.56274090468151
-1.90794973630662
-0.297732214714302
-0.730068506575434
-1.20431157689017
-0.886833537832958
1.30810901955609
-0.352707202375344
-1.26224548563862
-0.368783400360335
-0.181073021370061
-1.70611947391478
-0.042845295456053
-1.54651128823285
0.773978811320041
2.65443451528282
2.85319094031469
0.922573393420399
-0.746782849908059
-0.83494146585002
-1.76379419111894
-0.735160425547254
0.51484090908762
0.067630745700838
0.403234905663571
-0.208309907013331
-0.442780319311954
-0.652076359965867
-0.948691311926072
-0.217293239340844
-0.742667231372443
0.283466230620483
-0.0978637878279631
-2.97313526882832
-1.27586678883358
1.88900183763814
0.936074781656194
0.448201777337395
0.247134612593705
0.479644276056203
-1.24197122986689
-2.41070772265949
-2.12639763185771
-0.139857672914256
-0.589782629967219
-1.68970714506816
-0.891910378969808
-2.1189796759614
-0.739482004985108
-0.519340055643879
0.427916766231484
1.30315136991421
1.06068926177995
1.65074013910031
0.84350662049624
0.209701315288392
1.29518194162989
-0.194183844263343
0.570412458323289
-0.493586667500728
-0.317752573371723
0.491324292464354
0.84504303655673
-0.46072688950214
-0.587196056586823
-0.445924086888896
-0.401901645497816
1.53793536496536
1.17932686386309
0.927063881336964
1.88431590964188
1.36488024166205
-0.357225234413457
-0.38448298735434
-0.844206281000741
1.49876026072664
0.504036679613106
-0.0359420642243896
-0.182684674660707
-1.48729017231019
-0.437658306707757
-0.794733024339266
0.73435826791165
1.47780170408627
0.610497000775488
0.449912107335135
0.421408126261654
0.0286280102247352
1.49806429127135
-1.2572790898996
-0.429036479816998
0.0939358609406295
1.33614165704752
1.49565359012885
1.00613203311742
0.325606479195967
0.528520495206409
1.57125078202789
2.11908859167361
1.28443140175003
0.345561386195017
0.862776538490946
-0.0166132772866324
-0.565785743787593
0.928005215628662
0.72802862862923
0.833424150854776
-0.0904213938920875
0.587111283101368
1.20894217196162
-0.093586570451841
0.9407191638643
1.22141696081679
0.0752847822873685
0.268166906648196
-0.338460621533297
0.794748539519396
0.349331812629482
0.649983799064537
-0.17096504699584
-2.31568499741934
-1.07388563379664
-0.301867141777235
-0.766771535256837
-1.88380718214776
-0.978169941883475
0.261575936642762
-0.566056187011628
-0.651510520326084
-0.620278861955474
0.527579928926627
0.0588741264753349
-1.26880610222471
-1.76682825521978
-0.914534118155599
0.53169844492739
-0.627899479424408
-0.64632135012851
-0.519497113982327
-1.61397096642156
0.662153150800996
0.0912359515712515
2.04222251516282
2.06315894985233
1.05979543224005
0.356656622791164
0.404912848567534
-0.896416120677596
0.163773489357782
0.256747547045278
-0.833581887489426
-0.121272296538633
-1.06566875995274
-0.476319276279347
0.130844602252547
-0.944645315045065
-0.67324274474502
-1.79249881505734
-2.18194342915969
-3.1550282137864
-1.24928482847062
0.632700025004866
1.55779171217516
-0.674976279689225
-0.924468027270585
0.484620149458471
-0.886685788062252
-0.964215720982935
-0.745838717565743
1.0798493320113
0.492488666232436
0.458203435643431
0.778507034431533
1.00617951365712
0.153581114979734
0.691558206477842
0.119800693475674
-0.291690860493508
-1.32363963739654
-0.986647644805077
0.816448773847858
0.807757819705122
0.260947264987824
-0.90588310164264
0.011134399003925
-1.08425832850694
0.358441681808421
-0.00795753277942486
0.106591581504689
-0.398598053743229
-1.97415458362154
-0.579637108851368
1.54741269383991
-1.53277741539399
-1.34852985063267
1.66163181853321
0.785545355005855
1.11398756538165
1.02028243770659
-0.086479904393395
-1.22858861898348
-0.637463362835786
-1.18626503678525
-1.31477763643512
-0.49729026218845
-0.103057424470998
-1.62906443988422
-0.48670060143379
-0.225510181653348
-0.572377757876712
1.02483577427435
0.237303396779072
-1.40931006915838
0.840652389135752
1.29077548720939
1.54830239521736
1.10579547651529
-0.624441889670255
-0.546520067700921
-1.46926348755796
-1.72249134585523
-0.242997404650776
1.05930952257459
0.363694734188403
0.895791829296588
-0.149052378068796
-0.747512587440318
1.45776600791852
0.6576674061953
0.359826429469839
-0.925820236592289
0.45081623073366
0.658908251733048
-1.76515516639862
0.0905298898589439
1.59071552369114
1.60833344307694
-0.695283329394683
-1.06387637903213
-0.891180016799917
0.948951823126582
-0.385248368361625
-0.773046407456336
0.418393764737177
2.34797442713778
3.09546213634785
0.233234682603677
-3.4771322282987
-3.08114432224774
-1.18903238267392
-0.520246836374543
0.130707117185877
1.24839702905182
1.39537274578808
1.09624842211729
-1.16989498035518
-1.52201176911406
-0.174002422855839
0.319867085919923
-0.482867992358879
-0.452150420954086
0.350892792748249
2.84816797636001
2.17266564856933
1.87966127562976
0.133311680203213
0.608740245764366
-0.329003454517527
-0.0173276256332864
1.40506226222281
0.55048942894581
0.350990939205311
1.32487754674731
-0.247130032610367
-1.04376924376677
-2.41997508203035
-2.01533789425454
-1.20352000711852
-0.796655552047488
-2.4270785275089
-3.20753170150094
-1.078143811078
-0.0496387262752016
-0.797379287752689
-1.85791133843289
-0.943845899906406
1.30530315521742
0.106172666890816
-0.734607792175436
-0.642237052326236
-0.915359806284238
0.747264601765092
2.37075787784465
1.18179072040726
0.959807131025063
-0.463308669599636
-2.25325456295559
-2.12726712097737
-1.85952793382366
-1.67843230944349
-0.208022756023035
1.713958436482
0.344833629352924
-0.129130964054647
-0.160365982541067
1.16070582754295
0.0283897290884444
-1.36465278765376
-1.81512187806771
-0.137879428888821
0.535909216627569
0.525062198784546
0.987272921819964
-0.470576112767789
1.04736616476568
0.0334540879871045
-0.111309551742574
0.210466291292238
0.646074591287268
0.0530621282826106
-0.424973098724306
-0.0993725637237974
-0.216558894224737
0.730050158819745
2.08215026608489
0.660073021492263
-1.12530027527396
-0.447839971843421
-0.821856550879927
-0.868985939642615
-2.10715320388547
-0.887685179448426
-1.80301345464922
-1.14285060484758
-0.0521080257938426
-1.81878850867689
-1.58572201756931
-0.49281255164772
-1.23772986739299
-1.11123015387835
-0.448755066441806
0.539461200971568
-1.08275996052428
-1.90235623531122
-1.21461783536067
-1.84354710459722
-2.99721815771246
-1.00219346483965
0.622406364810949
-1.19471114603027
0.300142845893197
2.53106246549966
1.22144365161744
0.049296791439921
0.72953255107563
0.00046058952176076
-1.10861828896193
-1.09663087997109
0.476905408657902
1.44340772923323
2.48970137576165
2.32017293677991
0.632505288961083
0.584499178401703
-0.74240339922584
-0.688001158251564
-1.26137319160339
0.561099666214749
0.46234745105667
-0.692257708661574
-1.44606748737698
-1.59101194679284
-1.68554121914409
-1.91267762588478
-1.04541763404031
-1.2282218974446
-0.372009701119052
-1.7791405135338
-2.32964267807156
-1.74367182736063
-1.01856615316699
-0.968499211754947
-0.488913773572979
0.105200867189972
0.642895998879293
-0.18917453289573
0.118295505520193
-0.101123674601036
1.02398680414294
0.849593268806448
0.300414694321231
0.270559552264769
0.244957819777335
0.779949388068344
-0.515784489723916
-0.93879877410515
-1.08470035057278
-0.647544808182195
-0.869953630659249
-0.114778629451296
0.037507586324825
1.23118170600683
2.32325374354076
0.858187606480214
1.13889711533793
1.3764846357393
2.86102993651279
0.0286066078719117
0.66545320705117
0.00315129228551725
1.21846199175364
-0.124077155073562
-0.495728069677445
-1.07539909978935
-0.341157043816349
1.18875306588706
-0.258105892540174
0.188090977917988
0.94470839787183
-1.27710432086316
-0.692066636939121
-1.28038780219316
0.650787625894617
2.38841470631322
1.54461316183636
-0.380043452461646
0.242109419143122
-0.572507108594518
-1.44239679946618
-0.577218998324796
0.505600996266728
0.311278004546312
0.0968430610297477
-0.258796248449079
1.54045536271045
-0.494376068443604
-0.353912704061563
-0.544793661329912
-2.4323964338902
-0.800653323287842
1.71801875839148
1.10531407775132
1.26044643152622
0.505492098336377
-0.0685039665204467
-1.1289475435642
0.583723666474598
1.67466414239981
0.155234389803646
1.59497190524935
1.29062709002276
0.376725056305802
0.62018114395848
-0.36296630026377
-0.0454384042155629
0.376827475861748
-0.620943151148468
0.0111839599042583
-0.412560433695503
-1.73160562563457
-1.17716362657431
-0.119044088491526
0.229299686145249
-0.461686326054774
-0.542361925208822
0.763974162621964
1.23035725890668
-0.489245519418811
-0.583130961990682
0.482798323523046
-1.31938121212112
-0.737153393035858
-0.947761894298458
-0.401204749751867
-1.12467994713028
-0.471532411421198
1.60067336447933
2.16545645718358
0.613902872194284
-1.00527139593065
-1.01872231408665
-1.2692082001488
-1.29019922163412
-3.09083335015608
-1.5115074790581
0.812510224560099
0.863582157488325
1.95468131794806
1.06800195197041
0.633984188346288
0.449492273827919
-0.528361534706862
-1.64886540761599
0.19049646665883
-0.425294218646593
-1.21166836331623
0.818663419478108
-0.301239100007224
-0.0997726486237233
0.368131240662774
1.72585505264406
0.162084746367237
-0.143954632070433
-0.515997809810241
-1.64073489409675
-1.8298292712277
-1.70458897908873
-1.60625458931571
-0.94465427446996
-0.495799273453055
-0.269116038625244
-0.725542299874696
0.0492336424521328
1.28559944423267
-0.563131466760465
-0.418264070099104
-0.248320901342262
-0.142425621170541
-0.263148625901182
0.906231069677712
-1.19464666183065
-1.12443872022771
0.178515172560914
-0.148357822488916
-0.388299364281679
-1.10789935274874
-1.21376670411632
-0.481246844509009
-0.783752730939904
-1.48704409889928
-2.29538594270656
-0.741911358062557
0.251299062699096
-1.54981394837255
-1.1729631582139
-1.80832565198614
-0.785640382356068
0.270195167986109
-0.636395109671895
0.480324582538121
0.45040681559417
0.499561960504612
1.53018197467095
0.428573248179718
-0.306082803318779
0.490510531124459
1.20129826292722
0.887864033321829
0.389566839073756
-0.0396266297215707
1.52575113808342
2.33104341765651
0.0725046264944615
-0.175175812510973
0.0881235212567852
-0.00990390614600386
-0.338878430699866
0.286950319740143
0.743277055927727
-0.571483672172558
0.314049441461987
0.634338163973446
0.588959877932659
0.016879706014914
0.0485229755019436
-1.47948964450817
-0.377453996567123
0.90883879774037
0.46057172838672
0.284137994233555
0.530036445763286
-0.252251772551912
-1.11068022828255
-1.78068414198323
-1.47880409034993
-0.439490287864925
0.0681010406327204
0.819814107113375
0.500422453036815
0.303164357449395
-0.103203423569738
-0.845078398497415
-0.215472338394373
0.443057122974668
1.82673277206225
2.51516536040759
0.468544077327859
0.17339617391473
-0.688252393914959
0.775184525743027
1.23500662992911
1.20395286897178
-0.277405415188485
-0.0961383331763372
-0.0100798106810311
0.897844582795087
0.174665846009657
0.206497638708256
-0.297412567406786
-1.37998975469748
-1.02578561443757
-0.886357873862416
0.408897077896026
-0.162416729877198
-0.589053201193887
-1.46652474391343
-3.55873241069492
-2.14925225920107
0.945871576776232
0.695559097394966
-1.06483725671786
-0.274166021645163
2.08109177121439
-0.205868773659857
1.45105692886446
-0.390277178467373
-0.695093002591188
-0.752112531278734
0.62909070352185
-0.0210550168722989
-0.0322396235673632
0.267585762878079
0.31415806361041
0.507737630658843
-0.289077224785517
-0.846367895335675
-1.32158805900446
-1.82603455400323
-1.35740945257152
-0.423805034132894
1.5302435795575
0.914217685678698
-0.014227536654003
-1.37496611390978
0.415016062199036
0.240592491114253
-0.475847844552087
-1.46683244380554
-2.00554322569878
0.445802185209401
-0.134584167693697
0.748107304059281
1.29061123762154
1.12445973893914
0.368348678886341
1.00669959515876
-0.897951166486097
-2.0844655228787
-0.597341470398972
0.405642775116077
-0.0237299801680314
-1.38657119240262
-1.77097648877757
-1.33669055705477
0.610876447629169
1.57846584505238
-0.00355099551850986
-0.435160608077983
0.471505102066701
-2.78654911458922
-3.1239389821896
-2.91288175942317
0.525131850065531
-0.707679182483232
-0.10303764255135
0.178853208331975
-0.19777975676503
-1.66030479712298
-1.57589430713315
-1.07251348490656
-0.512756442665013
-0.361726388395626
-0.347238644614883
-0.441769933804293
-0.460103784391592
-1.50779183426667
-0.336981975411265
0.48143564229923
-1.18594591142531
-0.492205490609776
0.24924758480094
0.540126281108754
0.0331267692059634
0.847193346062693
1.24562996642271
0.535435418927773
2.29753393686873
2.29322682031661
0.466093140898619
-0.580581568955771
1.15583857702129
0.0250801254807962
-0.0684719084081812
-0.0154029226991518
-0.268913248387528
0.96295322585643
1.18094171554099
0.453082634069619
1.14647758938696
0.917425515979346
0.617717259931196
0.200490369774826
0.247360409415719
0.560966970075368
-0.438584112720859
0.00170164021014179
-0.511864454024823
0.149487309167584
0.922023977351413
-0.298573592347744
-0.896316410715849
0.339172446168406
0.178484346744029
-1.8041006423208
-2.98722266407578
0.869991035774984
0.500201079701652
0.558704467897904
0.756361904088648
-0.86444812891193
-1.07576914473736
-1.37934105565679
-1.44943446010196
-0.492556679516216
0.314850031100399
-1.5337408678719
-0.392465054021916
0.0264509444797229
-0.643839338420118
-0.109589902430987
-0.185253138779246
-0.958999945965294
-0.141671081947012
-0.534467190965082
-2.42721826079046
-0.623486727818319
-1.68537700622815
-0.733259883336627
-0.485377922844819
0.489385979225347
-0.663079016054623
0.0533788976224431
1.4858860495339
1.3108605472813
-0.111227883829455
-0.331953597238772
0.57424526287496
2.6493223545817
1.76129014868784
0.909521258904491
1.77284514853082
-0.104823705845242
-2.03778603143791
-1.38612193531667
-1.08251062280241
-0.826060450833989
-2.69403570836965
-2.73424973673666
0.923780202652657
0.594325617094386
0.0269929454347624
1.41975116322756
2.00975275461286
1.52046328844003
1.03703309170278
0.627468279704494
0.893556414358794
-0.917893762281781
0.312543710444903
-0.174921184974254
1.25836513190994
1.48990240760343
1.47039745818573
1.13430887611302
2.01119673108949
0.81106759703934
0.628323628234987
-0.673156075004742
-0.444544669325902
-0.203872057803355
-0.542261165999905
1.15743355800911
2.40303370559817
0.277656668120682
-0.50604926506746
0.764011355161514
0.404232665260596
-0.116369668853432
0.530947701744186
1.42716922631973
0.289786052428665
1.60635482968061
1.6796641039413
0.246636709610858
-0.252129436993
0.784561594450417
1.52857935986143
-1.04224241962892
-1.983674567677
-2.59494806967506
-1.46110566905921
-1.23975410439003
0.548583762275425
1.93686111511813
2.67313755480119
-0.516297036556954
-0.627137983636204
-1.7374676456048
-0.435012525599714
1.32401283338783
1.03249808989752
0.219866574913234
0.392504434863049
-0.564587160306938
-0.54571235415445
1.68055546036413
0.135034993891608
1.02129366682961
-0.729554427428124
-0.800138716750633
-0.602737222582538
0.404198948110726
-0.189963933243957
1.03566199134335
0.37020947573116
-1.55513514789377
-2.2040232514561
1.10321651791771
1.12584162484792
1.12086440692566
2.72604133560354
1.15273360670561
0.493520615775038
1.07924905203965
-1.10697978611243
-1.74676311221494
0.723637462650519
0.361462334853087
1.14567514584557
-0.616141172121412
0.0622437973639458
0.450470538388282
2.36489262881461
3.27623846495017
2.45322359318101
1.82314285494822
0.751743572077048
0.89703953769035
-0.846056174542397
-2.47124314274003
0.24721722761966
-0.0348698839884476
-1.22060907546082
0.355709416178153
0.825098731668001
1.77026020377494
0.409752839085109
0.677933880106444
0.509769624932729
0.166191527041107
-0.9699200034922
-1.25037925737673
-2.05880900099773
2.11466442649941
0.0341690387483555
-1.61080886350395
-0.764678277447186
-0.959632905814355
0.510124352271043
0.832665072827626
1.10386867629239
0.476839436861229
0.365292773613849
-0.0706972344476749
1.2200041526562
-0.342824404446007
-0.404608067649477
-0.946859947554067
-0.0311560275235115
-1.95585873624709
-1.31048340229992
0.593052016670259
0.402877877744834
-0.158085708915239
0.656986150408013
