9.57288617549945
1.71790976099973
-0.601425067120872
4.01135275340052
-5.15952944908973
-6.72548642252328
2.38302808650414
13.433441358498
5.12086519999005
-1.51716987527949
-3.21705145493857
-5.37408173136785
-5.2184130283619
1.39945298625385
-5.65523916570449
-1.15779260976926
-16.0809423869078
-14.5653361003612
-7.33437142427714
-4.68927581934174
-1.75671966217062
9.47252370544057
2.86112474504011
12.5229418589078
3.2976204601628
3.30329750931321
-3.78900037864888
-2.49916428637677
6.43183915433996
-5.85124389636837
-4.1181138351599
-6.71655873464783
3.80130482904816
9.34110605558497
1.7895682690248
-5.03661362059026
4.85562217729042
9.87036427852743
11.0120604078592
0.82889848196263
4.42612995523071
-3.01797523911184
-1.54356569363991
-9.79078324199151
-9.63765342410256
-8.23930640618621
1.38748582124694
6.7296337172137
5.53205237925651
4.6927254139723
-4.82789940193107
1.01837148686508
-0.316980012293465
1.92073758478298
8.05745265426557
-4.95377797374325
-8.20084713943608
-3.40432925032388
2.44022103577691
-0.258838395133678
-3.17365516381769
-10.5745808003663
-6.7923699698111
0.323718525149915
1.2219972106825
5.75657240869477
7.09712657046858
3.9109973299003
10.1076139989582
4.11250392320738
0.505709792201314
1.80270730274881
-7.89069427309925
-4.59779916145625
4.38860119361067
2.62849366755703
1.96612511734821
0.84335898153687
4.88239663910302
-0.364021985422595
-2.56899201323218
-2.19580804080533
-2.58618288350106
-1.37280038229237
-2.86908680899257
4.36530914841812
1.36531362885467
-4.42576615968952
-10.5479070964609
-5.27005338444161
2.27591555178066
4.79594095963235
7.23484462848655
11.6328222052715
3.56264413835293
-2.04711557827363
-5.51395762836434
3.4894110619912
-4.50460778925824
-2.03894605221843
-1.62704083359152
-3.4423548132439
-3.29640155761102
-3.55642065145806
-0.627462396481818
0.80001383873597
-3.33236640058321
-2.56560735331689
4.18030725860891
-1.53213081460683
-2.14787847992736
4.90174203529017
2.29300555335519
2.92675089264526
6.71118814762976
6.1890043042457
3.20187455210272
8.79869608401029
8.78709515689357
9.55568780117666
-4.65987371982
-13.6232862060512
-10.2282814758697
-9.517048751699
-14.4277827025006
-9.4291170612497
6.26875165284981
7.13208624370586
1.6534178211268
6.68934714677576
4.49805625389989
8.1514288570339
-1.64915776175341
-6.80143461327322
-2.40820245762119
-12.2803817668246
-11.6919258753138
-3.60762198328648
0.698222143305582
-2.90472549187811
-4.41742895665081
-5.77891393249303
1.01060814074733
4.44881817506509
1.22813893349929
-0.27808248038117
5.49790460532335
7.07852111143416
-4.85558496041287
-7.0328307485252
2.23538719844729
-7.88479912253697
-6.12085653067856
5.63990538615518
9.04761535598025
9.38581797980648
-4.83194044303508
-4.6125870339284
-16.3300704658976
-14.0943589110075
-1.17825953831303
3.35139283962884
-1.0934701422941
-0.307643145691428
3.64963267154791
4.26564034157275
8.18665950212354
1.75245501332025
-1.40623175059415
5.56510724194989
1.96348248129436
3.72644422684439
9.19508410279749
5.75662261706481
5.80379284038394
14.7702547815457
6.9302321113023
1.69440181917444
-4.11401370358432
1.03062961410649
-10.4107688473233
-7.69492576819118
-0.180791133901979
-13.8001114724387
-3.44800157624904
-0.86448147680733
-2.24961856357634
0.793743882812565
7.40184654926526
4.82520707496735
-7.31443158920253
-7.88619374134653
-2.51623745080539
1.09532016225634
-1.25841416115736
5.09228955853902
-0.738033496656803
-1.76657627135033
-11.312754096168
-0.783890601709919
-2.85438838297729
-5.04109298337139
-4.83191859006924
-11.1947142756193
-3.937340493367
-6.28876342648048
-5.20060697023095
0.000339759063051361
3.86884320347342
3.04070936170299
4.48038035009928
8.73723331886926
4.2003111305754
1.7468031123185
5.87265673366627
0.177281243204326
-0.395714442582473
3.94723861201201
2.6639581208652
0.495694479877803
8.26413870021331
-3.73816774376107
-1.15858281044304
-13.5197838259278
-12.6252295529877
-4.01856075277312
1.85049948879821
0.86626480838709
-0.692983844101514
-4.28958542163133
-2.3523732124683
-1.4594006381153
5.85182528220095
-0.95042801267003
4.50622337177341
-4.76538682043626
-3.3531876035676
0.95481021635119
4.44589227201458
-3.84385762780676
-5.80656672074615
-1.25845595783358
4.33597072706098
3.59470970917507
-8.25943128060954
-6.12594533174979
-10.5035822757449
-2.96859504602545
-2.96693448378927
-0.759126548863177
9.07125798302684
2.60594267971823
4.83868919872041
-1.29517922711449
-10.7329156217167
-5.09097053053769
-1.87336592876714
-1.95381383628765
6.11488306454366
-4.53805357432631
-11.445280426896
1.38005186461971
10.9724054677864
6.36959504300366
2.03647488569085
-7.08862927537056
-1.42178168979177
0.98825477564911
0.596823522642065
-1.31658079952857
3.27781814448871
1.94534506066687
-8.19070135028638
-13.2838168243114
-7.17691692657309
6.215591911839
10.2838710061304
1.05493212722412
5.9625107164175
4.37928750024502
6.62861368141715
12.2357195756636
13.4534003647341
2.15014876763943
0.660840165231619
-3.74950322307976
-8.12943560233517
-11.2523345311409
-13.2682539124972
-16.6627268005527
-11.6913055472313
5.92635794422751
-2.11154934760568
-1.91112271956564
6.70007222746246
9.1319470743965
1.58751109509518
-2.05224666338689
1.48291437101438
8.17002288074699
3.14720827111679
1.0109770766422
-4.75607996010583
-8.77591403311238
4.52040637676818
9.72928282054974
-2.39897677321815
-7.95799041843566
-0.868709453966525
0.0148258666650864
-2.49445816765826
0.646952694443312
2.42148135152187
-0.786882358832659
-4.431908732629
-1.31240861493013
1.0456926381399
6.20937772902303
3.38997485127039
0.580611900989872
1.25150863452021
-1.33564670830745
-1.07026802937221
0.494661008108379
4.68229494491295
3.63279261388044
7.47849370780027
2.36524644550327
-7.80223507856516
-5.79708122038052
-4.97337274714965
3.42590427100637
5.76220291695983
0.296080300171295
-4.63348448431398
1.70694639334586
1.87689007395364
6.31685111025267
1.59701509657628
-0.582087272896573
3.17998968000995
-3.34723018189528
-6.07407432745773
-3.95702816778712
-1.5086888169733
4.21987202057021
-3.72682111554894
-4.0212873874761
2.86153929050532
5.07300928522247
-5.09366212593692
-7.50686592699331
0.247021692835474
-5.7577473658666
-2.76332888138208
0.82201585939544
11.4525431745301
0.9960604231889
7.72961429572082
4.50867049959391
7.56915488922547
9.77478712930584
1.95613498723748
2.89560041760032
4.12222904395399
0.33992944812158
-0.204332075287062
-0.69273568484158
-0.837060449633518
-7.50091094133615
-2.39103991459349
1.60971964598893
-3.2409987683915
1.39968203967673
-3.66891846619383
-4.47520076460052
-16.1124063714183
-9.65881896358212
2.34021411826717
-4.10317862357834
-3.75968037734165
-7.91948547085993
-0.734738876079752
1.41333843942165
3.55685025910759
5.5441738803389
1.37448459155231
-4.75789048245616
-4.190664592475
-5.50760260546041
0.925464129193944
2.51943762600628
6.10275929455138
12.3389769657489
7.43874137724097
3.84002582733412
8.58719357314302
-1.32010085217366
-0.59413317866456
9.93290407539044
7.47874731624098
-1.81791051734292
14.6963149140867
5.90052034841317
6.43370888991367
6.17419309381767
3.24428923009392
-2.46648226834027
4.14688925399782
2.91994801845706
0.757605788998848
-3.0791788726308
6.81433408913874
6.04484527505337
-9.26009607558649
-5.42499690332097
-6.04955291010748
-4.54744735336822
-3.94622383730425
-12.048610819734
-3.63836526219171
1.69829976577516
0.136662808837821
-0.525260243927974
6.46130990031336
4.79599086186452
-0.299252876656797
4.42350685897807
9.93469516780178
1.90636873632716
-6.73501925024871
2.8368393483668
7.97259067671715
1.24547338766426
-4.98625433536363
-0.167728428995044
-6.73435516438649
5.49676687906126
1.63633046347619
-3.58900893532095
-0.709570082632706
8.72591681367453
1.39467438095665
1.15547149183822
-8.38033222809135
-5.41056371663983
-0.98297482863195
-3.22067091716559
-5.21722939909729
1.65220724219311
-4.64117649362952
-11.5412736044962
-5.14797723296106
1.64930162563424
2.16689866033283
0.343501449310775
3.11218985670694
5.28071041709595
12.2409699407406
6.19273217733502
1.40990130762532
-2.75769567089284
-3.52792211130546
4.8490189909792
5.69744365569623
0.428032839930718
-0.873110865235853
-6.36794253655528
-0.558547138754097
11.3305677312265
10.4006019027139
3.39187497607947
-1.60976491988318
0.673909343994219
5.54645561550717
3.24967877946488
-0.917996011741443
3.24193687683477
11.4813878903033
3.58347015179616
6.50410357284349
8.32872467703507
6.62166921398994
-0.749473552944111
-1.56523477043209
7.30556001220622
1.30292430056589
-3.69275563533839
-1.92546143873514
9.48449375084705
-0.745622141518729
4.06666976213803
3.87326209549482
-4.13833491655318
1.14145557826246
-0.610095265642191
1.9831252768152
0.0602721811653947
4.75877667468382
1.50310795061222
3.89083624441329
7.43621301098241
4.06718724309651
-3.21363814064146
-0.40849824073285
0.647127612790547
11.4104393340448
16.2567240044218
5.52481360401731
1.46850435762201
0.278140932500118
0.65922660798059
-0.601479389857057
2.49711293262963
-0.279481362065922
6.14766548527666
8.52449807121416
1.48858752130033
-1.76488213134447
11.2777700733377
5.69220623466326
-7.7224539850539
-0.210813177004401
-5.5829734682669
-3.20874412324094
0.566242787856876
7.2338156973557
1.6985881963273
0.783349307202798
-1.01578355717212
3.66185300789539
-1.5984769532385
4.90397400640523
4.27873375725203
7.45202491555902
0.337715480713611
-1.28017313673533
0.290446011712487
0.232323468667256
3.51669678311971
1.39142501323224
1.00567097705265
5.66681712510796
5.29938643592123
4.93482838100026
1.33817647953595
-6.09018104018237
2.04313206497565
-6.43214098411953
-6.63456301755015
-8.0845273116985
-3.38149138999178
4.05827498987692
2.42170455631384
4.73973010868282
6.91499240101002
3.16687208847899
3.64333309798655
5.95063410473022
3.62616938999767
0.480181421375036
-0.119358259977653
-2.57528428286821
3.57396102758055
1.12284466388837
8.54885483370465
-1.05359728968644
-6.03478528343122
-3.78525925805951
-3.52124113338351
-5.13111924567822
3.08981200535626
-0.323043525706118
2.10639840897287
0.217672906605292
3.35608217048747
-1.69541055615477
-1.20214652009109
3.77566427713561
0.0706774601943184
4.048310546488
3.3364160225197
-0.146994149708233
-10.879688143864
-0.800086323960301
-5.23566879650003
-0.13202716297494
9.0983837738753
0.877211132245355
-6.48284254966069
-9.55518058157297
1.66749612397365
3.24091663754765
-0.249587129546645
-0.277078456718103
-3.30567771380145
-0.374854596024996
-5.3971626792
1.63457607339239
-3.02511269061129
2.14316394790013
-0.408190821885976
-2.73552563029807
-7.81499783418384
-7.97775579344214
-3.72369863853258
-3.83520535530418
-7.17593671165115
0.338688092010169
6.37112785338022
-6.93767434250292
0.628041760104824
-1.7042354662217
-0.28701967903473
7.35859648211838
11.1965685585732
4.41168248338708
-0.277012928919476
1.50417029892074
-5.05417295493093
2.81290606862864
7.15180692930673
1.06132835743035
0.534396862430592
-7.19415687823943
0.37904917000285
-5.63814513871175
-4.07570879175782
-1.33255973168996
-13.534036789965
-12.0045411391775
-2.94188981072657
0.439240718531492
0.933297818630726
1.50123692185967
-3.36052018602888
8.2723143693596
12.2298812125399
19.1177133262343
14.1690693745251
9.65747134105623
6.19152416890724
2.08022007943552
4.01051443100079
6.00960218848883
12.860346110009
12.973533629226
2.64632527802805
2.94190218353425
2.21337277116988
2.84711888128125
-2.28351291034543
13.1974603113664
8.43597730900514
-3.96167391637492
-4.10317140699353
-1.35128299679389
-11.976189720475
-11.5751465672145
-12.924462386984
-5.61963359746288
-2.71725610670186
-3.31248393994811
-0.570309862141783
7.42494496295684
0.94575567991372
0.779180356655702
14.375105418176
7.06642319974289
-3.3847443177267
-7.72644129072782
-1.52835751883631
-2.62988755590922
6.73610446549587
0.045222544879495
-6.29911171715915
-10.4432409046254
-3.43125589100941
2.73761969089256
1.17464135056843
-5.15244202490844
-5.2189780352672
-6.63001173575662
-2.72069611215288
-1.02244662161044
-2.31433270364458
8.25551701703914
3.89827288421801
10.1769087621384
0.0944756080801417
0.519537055661866
-0.503236399097529
3.70971450651758
14.2058065060251
8.56335477400553
5.1727416836609
2.06921585310962
6.01260406305059
7.419565161915
-1.16832710259529
-12.1885083184272
-10.3185794471682
1.43947670841342
3.58632130684084
11.8935321644866
6.7043232563255
-3.38711930475585
-9.3927372116219
6.59003952426059
5.41626111672965
-2.47965978239107
8.60219169971278
-1.20041047496782
-7.98036292605201
-2.15513724363209
7.03475581545978
5.99261088438243
13.8746107465875
0.848554554131722
0.373398947363317
8.75645591349392
5.10321753097483
5.35048476103693
-5.13711959147424
-5.59682735696078
-1.21299527327351
-3.96857761256141
-3.77553200527763
-9.23976616621541
-7.19225795909023
-4.37605196056958
5.29469255701559
2.54365956205972
-1.54597826300778
-0.85258220688842
3.29218229709394
1.24437503625765
-1.17680412209213
2.92087748012662
1.15264518039583
0.999353488740747
-1.1163375834718
-10.2747195442063
-5.15691414162214
-8.0886271512451
-8.8243726993433
-7.4258581602318
-6.72216165500227
-7.4431717968241
-10.1448835724248
-8.97588872683548
1.14987860468867
1.05105466061188
-2.32135696945846
7.12358998005327
1.2188928193127
-4.3985656773274
-7.63922746139984
-2.98594313585621
-4.1270057964029
-7.20733159757911
-6.97375235778124
-5.51785213607484
0.423989708243395
-8.40268024167628
-5.99997157306556
-5.84138001149811
-0.501217566714672
4.77086002894561
1.08617912004399
-5.53883356992502
-1.65458626797964
-1.69841006102084
-3.77783824475533
-2.33278940659925
-8.40603289876116
0.52260599274285
-0.355331794286263
5.56236105891966
3.70444182283726
6.0963832464592
2.96195970067662
2.60064701958222
-1.2921066518111
2.08497083785566
8.62004632295922
8.7476959846144
5.24912832522964
5.84733516657397
6.1660266900827
2.55870432569492
-0.216150206220928
-0.854994149059376
-2.87041854640537
-0.775240151542437
-5.00051163101239
-11.233756181906
-10.8144865689642
-4.40515974101038
6.74810736784835
3.82210657432437
-5.82932050030509
-5.45602732580132
1.85287326652889
0.537410612586032
-5.22352522901859
-4.49537429940349
3.01022208069135
6.27124595165552
14.1798644631643
3.32802250827707
1.03035046537648
3.88281527587628
3.42725568600869
-0.0371011973849
7.05506657802983
5.57365098118493
-2.21987567162068
-3.1346512689697
1.82020760605245
3.82424781027056
6.77977555816434
1.68036627472426
6.87786743152903
0.17780509676882
-0.906496308839938
-5.01567445919954
0.812169091858709
5.06958150385452
7.2596087514322
3.39419976129007
7.27302591755789
-5.35905103700398
-6.65544568358098
1.85032809147973
-0.00626605077592759
-1.3328765178894
-1.43204322658933
8.43742035900373
11.6938105631048
8.0008956530095
2.07485636101661
-1.67719540572982
6.19937039639461
-1.76885220499067
1.51049157923233
-2.78191228456418
-3.84427543270511
-3.57213856845109
-3.69797366452282
-2.24781322217431
6.13747868485716
8.73555723460283
7.65504316214399
0.230750250490083
5.18631843979523
2.95998984977668
-1.29186008384105
3.17382147255791
4.30599209477242
-2.06624277155418
-8.32340810603776
5.07329074055571
6.3797637266459
-0.612346501903974
-6.17895021533431
-6.15595764339712
-12.3122613079568
-7.43949048462332
-8.01578908262317
-13.9314314939626
-12.6778128698864
0.0182378824734568
2.31208639665234
-0.272645380601852
-10.1728906844385
-4.35043776717575
3.37227210491801
0.598109637401777
-2.87851934110509
-6.39988287119407
2.64853788512859
2.30404870781366
-4.83133366174798
-19.3966359771494
-10.5891193049535
-6.76452335872534
-9.76246048263767
-3.72751796824923
2.46712495463246
-3.25417202787978
2.8344436944446
0.805914580635932
-2.53458475766699
-5.29362292904775
-4.56732112180333
-0.128984953717304
-1.97755728335161
10.3298005228417
14.005302625772
4.93090296676922
2.56846462924006
-0.98155850275568
-3.70953870522123
-2.59167126070983
-8.3349576583156
1.67826382327676
-1.96823550716975
1.51924673466107
1.2693244332983
8.3890126406589
9.46870989099933
1.4707828932961
-7.73446024052422
-5.03482360059488
2.96345430074608
-0.342851039198173
-3.97260107904892
6.46342408975898
12.2980388393298
16.0993580775387
14.0194132872427
6.77434032397647
6.88817099610042
1.30875216708989
-7.31332507577615
-13.5572460877838
-10.835022966447
-1.8159020779346
5.36756750239384
-5.99414699950721
-5.30157481374862
-4.19963845776238
3.03883955495699
3.38275943605074
-0.241267027943732
7.28295828477838
3.84286517584821
-2.89522277112819
-2.02152225900722
-8.31121812912925
-5.27707191372849
-6.80512461992204
-3.33785784957653
10.4426894976524
7.32213512068265
-1.02580142737867
-1.04108537741257
5.03145025376647
-2.18021552547006
-4.88901256328582
2.03534539570158
8.53558693578138
8.43962244104747
2.71891978492603
2.58441219674458
7.48171743475527
-2.8754707540019
2.09548900030742
-2.51971687107074
-9.85948945251586
-3.95303701852513
-6.593235986652
-3.32510126212771
4.75447140288007
13.040456516732
3.78738177038353
2.20415422489512
2.08761208472681
-11.9451568956666
-4.11281701448847
4.77277710279339
-1.48027999149856
-5.30787005930426
-0.7550974659556
2.12486285130829
2.33835409645021
7.05118443848077
4.65299005890709
-8.35543669222188
-1.73683611529775
-1.64008499906503
-0.925067884247329
7.07518426512187
5.3435070458967
-7.00531186090856
-3.82544490650296
3.3293800702615
1.4166892800601
-5.75951173100929
-3.1444674360219
3.72568105391219
3.98176242609182
-2.53578363841848
4.15101628371285
12.2520121984045
8.24274800054153
0.145186808596024
-4.85818116722565
4.9630750919152
